1.7	1.4	1
2.57	0.95	1
2.47	1.86	2
2.43	1.72	2
0.98	2.39	2
1.93	1.24	1
1.91	2.36	2
1.02	2.39	2
2.85	1.08	1
3.4	1.72	1
2.11	1.04	1
3.49	1.82	1
1.73	1.35	1
1.56	2.01	1
1.57	1.85	1
0.47	1.59	2
1.99	1.12	1
1.85	1.16	1
2.21	2.18	2
3.47	1.75	1
1.76	1.38	1
3.18	1.21	1
1.48	2.06	0
0.92	2.34	2
2.16	1.08	1
1	2.35	2
1.48	2.44	2
1.93	1.17	1
2.55	1.59	2
2.75	1.08	1
3.43	1.92	1
2.49	1.7	2
3.22	1.26	1
0.47	1.58	2
1.25	2.54	2
1.64	1.93	1
1.41	1.84	1
2.14	1.09	1
1.58	1.87	1
1.71	2.44	2
3.4	1.41	1
1.92	2.39	2
2.51	1.68	2
0.61	1.97	2
3.03	1.22	1
0.62	1.51	2
1.73	2.56	2
0.54	1.52	2
0.57	2.03	2
2.24	2.26	2
1.61	1.48	1
1.98	2.38	2
1.72	2.47	2
3.32	1.45	1
3.39	1.54	1
1.74	1.38	1
3.02	1.13	1
1.51	1.87	1
1.67	1.39	1
1.96	2.34	2
0.59	1.82	2
2	1.16	1
2.34	0.98	1
1.5	2.41	2
0.8	2.37	0
3.2	1.26	1
2.06	2.23	2
2.36	0.98	1
2.21	2.19	2
2	2.37	2
1.73	1.52	1
0.76	2.16	2
0.58	1.8	2
0.68	1.92	2
1.91	1.1	1
3.28	1.38	1
2.38	1.82	2
2.48	1.45	2
1.27	2.4	2
1.76	1.35	1
3.56	1.86	1
1.92	2.51	2
2.11	1.1	1
2.78	1.02	1
1.11	2.5	2
1.79	2.44	2
3.38	1.35	1
1.98	2.46	2
3.51	1.83	1
1.46	2.54	2
1.93	1.16	1
1.6	2.48	2
1.66	2.57	2
2.14	2.17	2
2.02	1.16	1
1.59	2.5	2
1.2	2.46	2
2.34	1.03	1
3.24	1.33	1
2.57	1.51	2
2.41	1.92	2
2.98	1.07	1
1.52	1.56	1
1.76	1.27	1
2.52	1.07	1
2.32	2.21	2
2.61	0.97	1
1.46	2.54	2
1.46	1.92	1
1.81	1.26	1
3.25	1.46	1
2.46	1.67	2
0.62	1.86	2
1.44	2.04	0
2.18	1.05	1
2.46	0.99	1
1.85	2.52	2
0.59	1.81	2
1.36	2.47	2
3.46	1.98	1
1.99	1.18	1
0.55	1.51	2
2.88	1	1
2.85	0.99	1
2.29	1.06	1
3.39	1.53	1
1.03	2.55	2
2.77	1.07	1
2.47	1.9	2
2.34	1.97	2
3.38	1.45	1
3.42	1.55	1
0.52	1.84	2
1.23	2.44	2
2.33	1.05	1
0.96	2.35	2
0.5	1.6	2
2.12	0.96	1
2.65	0.99	1
1.5	2.53	2
0.83	2.18	2
2.29	2.03	2
3.12	1.21	1
1.32	2.52	2
1.85	2.42	2
2.19	1.08	1
1.99	1.15	1
3.48	1.47	0
2.39	1.91	2
1.49	1.85	1
2.7	0.94	1
2.4	0.89	1
3.4	1.8	1
1.12	2.43	2
1.54	1.63	1
0.68	2.02	2
1.62	2.47	2
1.64	1.4	1
1.72	2.41	2
1.98	2.24	2
1.01	2.32	2
1.92	2.39	2
0.84	2.23	2
1.21	2.38	2
1.09	2.36	2
1.86	2.39	2
0.87	2.29	2
0.54	1.57	2
3.35	1.61	1
1.49	1.85	1
2.64	1.02	1
2.34	2.03	2
0.51	1.78	2
2.44	1.9	2
1.61	1.57	1
1.75	1.39	1
0.71	2.07	2
2.36	1.95	2
3.37	1.46	1
2.39	1.99	2
2.24	2.08	2
1	2.37	2
3.41	1.77	1
1.58	1.62	1
3.46	1.89	1
1.83	1.26	1
3.22	1.36	1
3.47	1.98	1
1.57	1.65	1
0.98	2.36	2
1.61	1.63	1
1.77	2.45	2
0.57	1.65	2
0.53	1.67	2
2.51	1	1
1.84	2.43	2
3.41	1.74	1
1.62	2.51	2
2.53	1.76	2
3.03	1.14	1
1.66	1.51	1
2.35	1.05	1
2.07	2.28	2
1.79	1.24	1
0.53	1.82	2
1.32	2.46	2
1.41	2.53	2
3.24	1.37	1
2.75	1.02	1
3.16	1.19	1
3.36	1.63	1
0.69	2.1	2
1.05	2.39	2
0.57	1.95	2
2.32	2.15	2
0.82	2.25	2
1.15	2.37	2
2.22	0.96	1
2.84	1.12	1
2.02	1.18	1
3.38	1.63	1
3.39	1.54	1
2.38	1.6	2
2.5	1.71	2
1.99	1.14	1
0.72	2.14	2
1.85	1.33	1
1.64	2.47	2
1.52	1.78	1
0.58	1.5	2
3.5	1.78	1
1.42	2.58	2
1.66	2.44	2
0.63	2.07	2
2.6	1.09	1
1.54	2.59	2
1.5	2.47	2
1.6	2.51	2
1.86	1.27	1
2.22	0.98	1
3.17	1.21	1
1.67	1.42	1
2.25	2.2	2
0.56	1.55	2
2.14	2.25	2
2.31	2.06	2
1.6	1.66	1
0.84	2.31	2
2.64	0.99	1
1.67	1.47	1
0.58	1.9	2
3.25	1.33	1
3.46	1.88	1
3.51	1.96	1
1.88	1.24	1
0.56	1.72	2
2.9	1.11	1
2.06	2.32	2
1.62	1.54	1
2.06	1.21	1
1.35	2.5	2
3.19	1.27	1
2.34	2.01	2
2.28	2.32	2
3.34	1.59	1
2.41	1.75	2
0.9	2.31	2
1.56	1.64	1
2.29	2.1	2
3.41	1.97	1
3.26	1.28	1
1.49	1.64	1
0.79	2.25	2
2.9	1.13	1
1.74	1.35	1
3.4	1.82	1
2.45	1.76	2
3.34	1.52	1
1.22	2.36	2
2.09	2.29	2
1.96	1.12	1
2.87	1.06	1
1.64	2.41	2
1.11	2.46	2
2.31	1.07	1
2.57	0.97	1
2.22	2.15	2
1.79	1.3	1
1	2.29	2
1.79	1.21	1
0.58	1.74	2
2.27	2.14	2
3.27	1.38	1
1.5	1.95	1
1.47	1.92	1
0.73	2.16	2
1.95	2.41	2
1.63	1.41	1
0.48	1.62	2
2.42	1.69	2
1.56	1.71	1
0.52	1.62	2
2.48	1.05	1
0.62	2.08	2
1.89	2.4	2
2.51	1.84	2
2.23	2.06	2
2.47	1.83	2
2.96	1.13	1
2.39	1.02	1
0.51	1.7	2
1.62	1.52	1
2.45	1.91	2
3.41	1.6	1
3.06	1.21	1
3.4	1.46	1
2.27	2.29	2
3.25	1.44	1
2.9	1.03	1
2.34	2.13	2
1.48	1.82	1
2.17	1.07	1
2.61	0.95	1
1.6	1.65	1
0.54	1.89	2
1.52	1.74	1
1.31	2.45	2
0.9	2.19	2
1.78	1.33	1
3.43	1.6	1
2.48	1.58	2
0.62	1.76	2
0.57	1.84	2
2.29	1	1
0.77	2.13	2
2.5	0.97	1
0.55	1.96	2
1.48	1.68	1
1.06	2.4	2
0.53	1.86	2
1.54	1.77	1
1.29	2.31	2
1.12	2.47	2
1.17	2.49	2
3.43	1.54	1
3.25	1.3	1
3.02	1.13	1
1.81	1.43	1
2.63	1.1	1
1.59	2.53	2
1.22	2.42	2
1.82	2.4	2
1.86	2.47	2
3.04	1.13	1
3.39	1.45	1
1.82	2.47	2
1.64	1.77	1
3.29	1.38	1
2.43	1.55	2
2.4	1	1
0.72	2.17	2
2.34	1.08	1
3.39	1.57	1
2.22	2.22	2
0.72	2.04	2
1.97	1.1	1
1.37	2.48	2
3.2	1.28	1
0.49	1.77	2
3.4	1.85	1
1.29	2.49	2
0.45	1.68	2
1.52	2.53	2
1.84	2.45	2
2.21	1.18	1
2.07	2.42	2
1.8	1.25	1
0.98	2.31	2
2.58	0.93	1
0.72	2.13	2
1.94	2.27	2
3.39	1.71	1
2.48	1.05	1
2.4	1.76	2
2.02	2.32	2
1.79	2.45	2
2.35	1.99	2
3.23	1.34	1
2.27	2.11	2
1.63	2.5	2
1.34	2.46	2
1.05	2.32	2
2.44	1.78	2
1.73	2.47	2
1.52	1.89	1
2.86	1.15	1
3.18	1.18	1
2.47	1.55	2
1.13	2.52	2
1.52	1.87	1
1.55	1.7	1
0.64	1.88	2
3.44	1.92	1
1.54	1.73	1
1.55	1.85	1
2.21	1.03	1
0.74	2.16	2
0.48	1.76	2
2.82	0.99	1
2.39	1.55	2
0.94	2.39	2
0.73	2.19	2
0.7	2.17	2
2.15	1.17	1
2.03	1.04	1
0.64	2.08	2
1.96	2.43	2
2.14	1.03	1
0.73	1.99	2
2.92	1.1	1
2.79	1.02	1
1.55	1.69	1
3.5	1.78	1
2.39	0.98	1
1.78	1.31	1
2.02	2.35	2
2.46	1.87	2
2.76	1.03	1
1.82	1.17	1
2.94	1.11	1
3	1.2	1
3.47	1.76	1
3.29	1.29	1
0.54	1.76	2
2.05	2.41	2
2.42	1.52	2
2.48	0.97	1
0.7	2.19	2
2.16	1.09	1
2.42	1.01	1
2.32	2.03	2
1.83	2.5	2
0.56	1.89	2
3.22	1.32	1
3.47	1.86	1
0.5	1.59	2
2.06	2.35	2
3.12	1.14	1
0.79	2.2	2
1.41	2.56	2
1.28	2.44	2
0.43	1.62	2
2.22	2.15	2
2.51	1.54	2
0.91	2.3	2
2.67	1.04	1
2.46	0.92	1
3.45	1.68	1
1.97	1.21	1
1.61	1.85	1
3.4	1.85	1
2.08	2.18	2
3.14	1.23	1
3.45	1.63	1
2.33	1.91	2
3.35	1.46	1
2.52	1.58	2
2.98	1.03	1
2.34	1.92	2
2.77	0.97	1
2.46	1.6	2
2.05	2.14	0
2.57	0.99	1
3.45	1.76	1
1.65	1.44	1
3.32	1.39	1
2.41	1.85	2
0.51	1.77	2
2.68	1.08	1
3.44	1.85	1
1.77	1.41	1
2.38	1.93	2
0.99	2.35	2
1.53	1.69	1
2.51	0.98	1
1.87	1.13	1
2.31	2.03	2
2.42	1.74	2
1.4	2.43	2
0.8	2.19	2
2.24	2.23	2
1.96	1.26	1
1.37	2.56	2
2.82	1.06	1
2.4	2.01	2
0.86	2.39	2
3.05	1.14	1
0.57	1.97	2
0.76	2.06	2
1.59	2.47	2
0.42	1.18	0
2.54	3.08	0
2.21	1.76	0
2.81	0.7	0
1.61	1.75	1
1.49	2.53	2
2.69	1.34	0
1.49	2.41	2
1.78	0.62	0
1.61	1.03	0
0.49	1.79	2
2.42	2.15	2
1.61	1.32	1
2.15	2.22	2
2.6	1.23	0
1.6	2.01	1
1.84	2.78	0
1.6	2.62	2
1.42	2.25	0
1.89	1.89	0
1.89	1.66	0
2.7	2.72	0
1.85	2.68	0
1.93	2.09	0
1.56	1.13	0
1.89	1.95	0
2.59	2.32	0
1.83	2.76	0
2.12	2.77	0
1.99	2.1	0
2.17	1.59	0
1.8	2.23	0
2.11	1.89	0
1.88	0.53	0
1.77	0.85	0
1.19	2.01	0
2.28	1.71	0
2.19	1.79	0
1.86	1.71	0
2.97	1.74	0
2.01	0.97	1
1.27	2.24	0
1.29	1.38	0
1.96	2.05	0
1.97	2.04	0
1.45	1.29	0
2.8	2.28	0
2.09	1.95	0
2.74	1.47	0
2.65	0.6	0
1.3	1.27	0
2.03	2.33	2
1.91	2.35	2
2.12	1.16	1
2.05	1.83	0
3.25	1.03	0
1.7	2.61	2
1.65	1.95	1
1.66	2.02	1
1.02	1.74	0
2.36	0.85	1
1.29	1.74	0
1.1	1.98	0
2.28	1.51	0
1.29	3.33	0
1.26	1.46	0
1.24	1.8	0
1.23	1.51	0
1.14	2.77	0
2.24	1.9	2
1.29	2.3	2
3.12	2.65	0
1.5	2.68	2
2.42	1.73	2
1.68	2.23	0
2.9	2.75	0
2.79	1.56	0
1.23	1.48	0
2.47	1.92	2
2.42	1.46	2
1.34	1.37	0
1.52	0.79	0
1.68	2.01	1
2.38	2.77	0
2.9	1.67	0
1.83	2.93	0
1.62	2.21	0
2.59	2.84	0
0.45	3.04	0
1.97	2.96	0
2.53	2.96	0
1.3	1.79	0
2.34	3.11	0
1.4	1.81	1
2.23	1.25	1
0.64	2.57	0
2.98	2.2	0
2.67	0.86	1
2.32	2.15	2
2.4	1.71	2
2.5	1.22	0
1.15	3	0
1.89	1.15	1
1.85	2.75	0
2.23	2.96	0
1.14	2.46	2
1.86	2.46	2
3.01	2.07	0
1.31	1.29	0
2.64	2.98	0
2.45	2.41	0
1.89	1.09	1
1.66	1.83	1
1.93	2.53	2
0.82	1.67	0
1.16	-0.04	0
-0.01	2.06	0
1.94	1.59	0
1.46	2.33	2
