-0.42 1.08
2.12 -0.12
-1.64 2.72
-1.08 0.17
-2.53 -1.85
-1.75 2.37
2.47 -0.94
-0.58 1.95
0.48 -2.03
1.46 0.88
1.4 1.18
-0.08 -0.61
0.89 -0.17
-2.36 -2.0
2.97 -1.17
-0.69 -0.05
-1.55 -3.0
-0.97 1.53
0.58 0.79
1.14 -0.75
0.07 -1.67
1.39 2.13
-1.49 -1.18
-0.99 -2.75
-2.18 -2.08
-2.94 -0.72
0.37 -2.08
-2.1 -1.34
-2.68 -1.85
-0.17 -1.04
-2.38 0.56
-1.17 -2.48
-1.22 -2.17
-0.21 2.32
-0.29 0.28
1.65 -0.25
1.92 -2.26
-1.67 1.53
-1.56 -1.01
0.79 2.46
-2.99 -0.66
-1.53 -1.81
1.59 2.43
-2.3 0.12
-0.68 0.63
2.49 0.4
-2.66 1.42
-2.06 -1.86
0.45 1.42
-0.77 -1.86
-1.27 -0.92
-1.01 0.4
-0.24 -2.35
2.61 0.0
2.13 2.61
0.06 2.84
0.9 -2.99
2.04 -0.85
-2.03 -1.28
0.87 1.17
0.37 -1.04
-0.26 2.45
-0.47 -1.18
0.45 2.18
-0.99 -2.63
-2.35 -2.96
-0.87 1.37
2.17 2.06
-0.12 1.57
-2.29 -1.58
0.88 2.41
0.09 1.48
-0.35 1.07
-0.4 -2.04
-2.29 -0.14
-2.42 -0.74
-2.03 -2.78
2.65 -1.76
-1.83 2.19
0.05 0.11
1.15 0.46
0.09 0.1
-0.1 -0.05
-0.09 -0.03
-0.03 0.14
-0.82 -0.86
-0.16 -1.23
-1.1 -0.51
0.12 1.19
0.03 -0.02
0.59 1.06
-0.15 -1.13
0.08 -1.12
-0.94 0.82
0.01 0.09
0.05 -0.04
0.02 -0.12
-0.05 1.17
-0.13 0.14
-0.14 0.0
0.12 -0.03
-0.03 -0.05
-0.04 -0.06
-0.08 0.04
-0.09 -1.2
0.05 0.05
1.1 0.33
0.91 0.75
-0.9 0.8
1.03 -0.72
-0.51 -1.15
-1.13 0.33
-0.57 -0.97
-0.65 1.03
-1.07 0.29
0.11 0.04
-0.45 -1.17
-0.63 -0.98
0.07 -0.1
0.03 0.01
0.14 0.06
0.96 0.57
0.12 0.11
0.09 0.03
-1.19 -0.26
-0.03 -0.11
-0.06 0.05
0.11 1.16
-0.12 0.01
0.0 -0.02
-1.04 0.52
-1.14 0.17
-0.21 1.26
-0.05 -0.08
-0.04 0.06
-0.59 -1.12
0.01 -0.03
-0.32 1.13
1.19 -0.25
0.05 -0.04
-0.72 -0.93
-0.51 1.12
0.11 0.06
-0.18 -0.11
-0.05 -0.01
0.08 0.03
-0.4 1.02
0.79 -0.82
0.92 0.78
0.81 -0.97
-0.01 0.03
0.06 -0.09
0.52 1.15
-0.32 -1.12
0.02 -0.08
0.03 0.22
-0.02 -0.04
0.11 0.04
-0.04 0.18
-0.02 -0.07
-0.04 0.08
-0.74 0.97
-0.11 0.09
-0.01 -0.02
-0.71 -0.96
0.76 -0.96
1.17 0.3
0.04 -0.02
-0.02 -0.08
0.08 -0.14
-0.06 0.03
0.03 -1.18
0.37 1.04
-1.23 0.05
1.05 -0.27
0.01 -0.08
-0.54 1.06
0.1 -0.06
1.12 -0.31
1.05 0.51
0.0 -0.1
-1.18 -0.07
0.1 0.06
-0.07 -0.17
-0.03 -0.01
-0.08 -0.09
-0.82 0.82
-0.1 0.06
-0.39 1.17
0.58 -1.02
0.05 -0.08
-0.04 -0.06
0.51 -1.09
-0.08 -0.01
-0.09 -0.05
-0.08 0.01
0.13 1.27
0.24 1.1
-0.15 0.11
-0.04 -0.04
0.13 -1.12
-0.02 -0.03
0.81 0.9
-0.8 1.03
-0.43 -1.12
0.01 -0.04
0.03 0.01
1.11 0.38
0.04 -0.07
-1.09 0.73
0.25 -1.17
-0.02 0.06
-0.23 -1.14
-0.37 -1.1
1.19 -0.26
0.11 -0.05
1.21 0.08
-0.02 -0.09
0.05 0.03
0.03 -0.05
-1.16 0.33
-0.35 -1.21
0.1 0.11
-0.86 -0.86
-0.93 0.82
-1.31 -0.28
-0.05 0.04
-0.12 -0.15
0.98 -0.65
0.02 -0.09
-0.04 -0.01
0.61 1.01
0.36 -1.14
0.8 -0.95
-0.1 -0.0
-0.07 0.09
-1.24 -0.01
-1.16 -0.22
-0.67 0.99
1.16 -0.55
0.14 -0.01
0.5 -1.14
0.08 -0.07
-0.05 -0.02
-1.14 0.3
-0.18 -0.02
0.01 -0.02
0.95 -0.81
0.89 -0.81
0.11 0.01
-1.11 -0.55
-0.02 0.06
1.19 -0.34
-0.04 -0.07
0.03 0.04
-0.01 -1.09
-0.13 0.09
0.84 0.87
-0.74 -0.93
-0.07 -0.01
-0.8 0.93
0.86 0.84
-0.9 -0.81
-0.12 0.06
0.13 0.05
0.79 1.01
0.09 -0.16
-0.81 1.01
0.07 0.03
-1.01 -0.58
0.04 -1.15
0.02 -0.05
-1.05 0.59
-0.03 0.09
-0.95 -0.48
-0.0 -0.17
1.02 0.45
-0.01 -0.09
0.05 0.1
-0.07 0.03
0.01 0.03
0.46 1.11
-0.06 0.03
-0.05 0.04
0.65 -1.06
-1.2 -0.2
0.23 1.36
0.14 -0.04
-0.88 0.72
0.76 -0.99
-0.03 0.02
0.23 0.03
-0.35 1.11
-1.12 -0.39
-0.09 0.04
-0.16 0.05
-1.19 0.27
0.02 -0.13
1.04 0.53
1.16 -0.4
-0.06 0.01
-0.01 -0.02
0.02 -0.11
0.2 -1.15
-0.17 0.12
-0.9 -0.91
-0.02 1.19
-0.1 -0.04
-0.05 0.02
-0.48 -1.0
0.46 1.0
0.11 -1.35
0.04 -0.13
-0.02 0.08
-0.08 0.04
-0.74 -0.88
-0.04 -0.08
-1.16 -0.32
-0.23 1.22
0.1 0.11
-0.03 -0.02
0.03 0.01
-0.87 -0.78
0.74 0.78
0.1 -0.07
-0.86 0.83
0.12 0.15
0.1 -0.08
1.23 0.15
-1.25 0.21
0.05 0.08
-0.54 1.08
0.06 0.03
-0.01 0.04
0.48 -1.12
0.08 0.06
-0.91 -0.76
-0.01 0.02
0.9 -0.8
-0.39 1.15
-0.21 1.21
-0.06 -1.16
0.07 -0.04
0.08 0.07
0.05 -0.03
-0.28 1.17
0.48 1.13
0.02 0.01
-1.01 -0.68
0.14 -0.03
0.0 0.07
-0.12 -0.05
0.45 1.13
-1.22 0.08
-0.01 -0.06
-0.01 -0.01
1.16 -0.03
-0.13 -0.01
0.03 1.08
-0.15 0.01
0.08 -0.09
0.04 -0.01
-0.07 -0.16
-0.01 -0.03
0.02 -0.01
-0.95 -0.56
-0.01 -0.05
-0.02 -0.0
0.17 -0.19
-0.12 0.04
-1.18 -0.35
-0.13 0.03
-0.01 0.02
1.08 0.6
1.19 -0.03
1.1 0.23
-0.02 -0.07
-0.05 0.02
-0.03 0.02
-0.07 0.12
0.06 0.04
-0.11 -0.0
-1.26 0.07
-1.01 -0.71
1.05 0.74
-0.12 0.05
1.0 -0.76
1.13 0.01
-0.04 -0.0
-0.05 -0.15
0.77 0.94
0.6 -0.97
-0.03 0.04
-0.41 -1.1
0.89 -0.83
-0.08 0.13
-1.2 0.02
-0.67 1.08
0.09 -0.02
-1.09 -0.27
1.04 0.59
-0.02 0.01
0.06 -0.03
0.04 -0.03
-0.1 -0.12
-1.06 0.37
-1.04 0.62
-0.07 -0.06
1.27 0.06
-0.02 0.1
1.16 -0.57
0.36 -1.03
-0.07 0.03
0.41 -1.12
1.2 0.37
0.68 1.01
-0.75 -0.93
-0.03 -0.01
0.7 0.94
-0.02 -0.03
-0.09 -0.03
-0.02 -0.07
0.05 -0.09
0.42 -1.07
-0.77 -0.84
0.01 0.15
-1.17 0.17
0.11 0.03
-0.02 0.03
0.05 -0.01
0.41 1.12
-0.27 -1.16
0.18 -0.06
-0.05 0.03
1.24 -0.01
0.68 -1.06
0.9 0.71
0.05 -0.05
0.01 -0.01
0.04 -1.23
-0.02 0.07
-0.04 0.15
0.15 -0.11
-0.14 0.13
0.63 -1.03
0.63 -1.0
1.16 -0.13
-0.1 -0.01
1.19 -0.01
-0.06 -0.02
-0.89 -0.77
1.23 0.19
-1.24 -0.2
-0.44 1.11
-0.04 0.05
1.2 -0.19
-0.31 -1.03
0.08 0.11
-0.14 -0.0
0.1 -0.2
1.2 0.18
0.03 -0.01
0.04 -0.11
-1.04 -0.79
0.06 0.0
-0.03 -0.14
-0.0 -0.05
-0.09 0.03
-1.09 -0.62
0.05 -0.03
1.17 0.29
-0.07 0.03
-0.05 0.08
-0.53 1.03
-1.23 -0.05
-0.2 0.06
0.05 -0.0
0.93 0.69
-0.04 0.03
-0.87 0.81
-0.6 1.05
0.23 -1.25
1.01 -0.79
1.21 0.24
-0.09 -0.01
-1.02 0.61
-1.1 0.52
-0.47 1.11
-1.13 -0.58
-0.88 0.79
-0.25 1.12
0.07 -0.02
0.63 1.08
0.1 -0.06
-0.75 0.9
0.63 1.03
0.01 -0.03
0.67 0.95
-0.09 0.06
-1.24 -0.03
0.03 1.29
-1.1 0.41
1.16 -0.61
-0.04 -0.19
-1.27 -0.33
0.38 1.16
0.36 1.08
0.62 0.95
0.22 -1.16
0.16 0.05
-1.11 0.4
-0.01 0.07
0.2 0.04
0.04 0.12
-0.04 0.06
0.06 0.02
-0.07 -0.02
0.12 0.02
-0.09 -0.02
0.04 0.06
0.09 0.07
-0.03 0.03
0.01 1.28
-0.11 0.03
-0.01 0.03
1.11 0.54
-0.06 -0.08
0.22 -1.29
-0.04 -0.01
1.13 -0.47
-0.37 1.23
1.18 -0.08
-0.44 -1.1
0.99 -0.7
0.1 0.07
0.12 0.08
0.1 0.09
0.05 0.16
0.12 0.01
-1.11 -0.55
-0.01 -0.07
-1.01 0.69
0.6 -1.13
0.95 -0.77
-0.0 0.06
0.04 0.11
0.04 -1.19
-0.1 0.07
0.8 0.76
-0.0 0.01
0.01 -0.03
0.32 -1.15
0.04 0.06
-0.06 0.03
1.3 -0.3
0.09 0.02
0.19 1.2
0.03 -0.02
-0.06 -0.07
-0.03 -0.06
0.56 -1.09
1.11 -0.44
-1.15 0.36
-1.04 -0.12
-0.15 1.17
0.07 0.1
0.12 1.23
0.11 1.28
1.01 -0.49
-1.1 -0.52
1.17 0.05
1.04 -0.62
-1.04 0.83
-0.1 0.02
1.09 0.47
0.09 0.16
1.12 -0.35
0.1 0.04
3.01 -0.01
2.98 -0.01
2.97 -0.02
3.45 -0.54
2.98 0.02
2.47 0.46
2.58 -0.48
2.38 0.29
3.06 0.72
3.02 0.02
2.31 -0.19
2.98 0.02
3.01 0.01
3.02 -0.71
3.68 -0.25
3.68 0.01
3.11 -0.71
3.02 -0.02
2.95 -0.0
2.96 0.02
3.49 0.45
2.99 -0.02
3.53 -0.44
3.0 -0.03
3.03 -0.04
3.29 0.63
3.0 -0.0
3.01 0.0
2.56 0.55
2.43 0.41
3.59 0.42
2.98 -0.03
2.9 -0.67
2.98 0.02
2.98 0.01
2.31 -0.0
3.03 -0.01
3.66 -0.08
3.51 0.48
3.63 0.23
3.36 0.6
3.0 0.04
2.99 -0.01
2.4 0.31
2.52 -0.47
2.86 -0.7
3.01 -0.04
2.99 0.02
2.63 0.58
3.36 -0.56
3.68 -0.13
3.04 0.03
2.96 -0.02
2.93 -0.06
2.99 0.02
3.0 0.05
2.91 0.7
2.98 -0.04
3.58 -0.33
3.52 -0.51
3.01 -0.01
3.07 -0.02
3.71 -0.06
3.58 0.4
3.31 0.6
3.0 0.05
3.03 0.02
2.76 -0.65
3.63 -0.3
3.75 -0.06
3.03 0.68
3.01 0.02
3.75 0.01
3.01 -0.01
2.98 -0.04
3.01 0.03
3.03 -0.7
3.44 -0.58
3.01 -0.03
2.83 0.67
2.99 -0.02
2.29 0.1
3.02 -0.01
2.35 0.2
3.04 -0.01
3.01 0.0
2.98 -0.02
3.02 -0.0
3.57 -0.42
3.0 -0.03
3.0 0.02
2.32 -0.14
2.98 -0.02
3.71 0.12
2.97 -0.01
3.01 -0.01
2.56 -0.56
3.0 -0.0
2.96 -0.0
2.86 0.68
3.01 -0.03
3.0 0.03
2.59 -0.56
2.89 0.66
3.0 -0.0
2.27 0.04
3.02 -0.01
2.57 -0.56
3.13 -0.67
2.98 -0.05
2.93 -0.71
3.63 0.3
2.99 -0.03
3.57 0.37
2.98 -0.02
3.02 -0.0
2.97 0.01
2.5 -0.49
3.0 0.01
2.98 0.02
3.01 -0.01
2.98 -0.03
2.99 0.01
3.3 -0.64
3.01 0.03
2.95 -0.01
2.98 0.03
3.48 0.52
3.01 0.02
3.0 0.02
2.32 -0.06
2.99 0.67
3.39 0.58
2.33 -0.16
3.41 0.56
2.87 0.67
2.99 0.05
2.36 -0.31
3.0 0.01
2.96 -0.04
3.2 0.67
3.01 0.01
3.03 0.01
2.53 0.55
2.41 -0.44
2.36 -0.28
3.0 -0.01
3.02 -0.03
2.72 0.66
2.36 -0.3
3.29 0.63
2.3 0.24
2.39 -0.32
3.0 -0.0
3.03 0.0
2.98 -0.03
2.39 0.35
2.58 0.56
2.72 0.68
2.41 0.43
3.69 0.06
3.09 -0.7
2.4 0.36
2.66 -0.62
2.98 0.04
3.57 0.41
2.98 0.02
2.38 -0.38
3.23 -0.67
3.03 -0.01
2.81 -0.68
3.69 -0.21
3.14 0.69
2.65 0.61
2.61 -0.62
2.49 -0.46
2.98 0.03
3.7 0.15
3.01 0.72
3.03 0.01
2.99 0.02
3.02 -0.01
3.03 -0.0
3.0 0.01
3.57 0.43
2.99 -0.05
2.98 -0.02
3.01 -0.0
2.99 0.02
2.98 -0.04
3.24 0.65
3.48 -0.52
2.28 0.11
3.16 -0.68
2.99 -0.03
2.76 -0.68
3.22 -0.65
3.01 -0.01
2.9 -0.71
3.66 0.16
2.45 -0.44
3.12 0.7
3.5 -0.44
3.01 -0.05
3.0 -0.01
2.34 -0.21
3.0 -0.03
2.95 0.02
2.36 0.24
3.02 -0.03
3.02 0.03
2.98 0.0
3.01 0.01
2.47 0.43
3.04 0.01
2.99 -0.01
3.02 0.04
3.18 0.67
3.03 -0.04
3.0 -0.01
3.3 -0.6
2.99 0.01
3.08 0.01
3.03 0.02
3.02 0.01
2.98 -0.03
2.99 0.03
2.96 -0.02
3.03 0.01
2.57 0.58
3.65 -0.29
2.33 0.17
3.03 -0.01
2.98 0.04
3.03 0.0
3.0 -0.72
2.27 0.08
2.97 0.03
3.03 0.02
2.66 -0.57
2.29 -0.0
3.0 0.0
3.65 -0.28
2.99 0.01
2.96 0.0
2.77 -0.62
2.99 0.01
3.02 -0.05
3.01 -0.04
2.98 -0.01
3.17 0.64
2.32 -0.04
3.45 0.57
2.99 0.68
2.61 0.59
3.07 -0.01
3.47 0.5
2.43 -0.37
2.99 -0.0
3.6 -0.32
3.64 0.31
2.52 0.49
2.99 0.0
2.97 0.02
3.67 -0.18
2.98 0.03
3.02 -0.0
3.02 -0.01
3.67 0.23
2.99 0.01
3.71 0.15
3.32 -0.61
3.03 -0.04
2.34 0.31
3.42 -0.58
2.99 0.03
2.99 -0.03
3.36 -0.63
3.02 -0.03
2.81 0.68
2.7 -0.63
2.37 0.15
2.98 -0.04
2.75 0.64
3.53 -0.51
2.97 -0.01
2.99 -0.02
3.66 0.21
2.97 -0.68
2.98 0.02
2.32 -0.12
3.03 0.01
3.67 -0.02
3.56 -0.41
2.99 0.01
2.99 0.01
3.43 0.57
3.01 0.05
3.01 0.01
-3.63 -0.29
-2.4 -0.38
-3.23 0.67
-3.0 -0.01
-2.34 0.17
-2.99 -0.02
-3.0 -0.03
-3.13 0.7
-2.97 -0.01
-2.96 0.03
-3.02 0.0
-3.01 0.04
-3.01 -0.0
-3.0 0.0
-3.58 0.39
-2.99 -0.03
-2.99 -0.02
-3.02 -0.02
-3.05 0.0
-3.43 0.6
-2.98 -0.02
-3.62 0.25
-3.01 0.04
-3.2 -0.63
-2.87 -0.7
-2.61 -0.58
-2.39 -0.37
-2.71 0.62
-2.98 0.0
-2.36 -0.3
-2.76 -0.66
-2.96 0.02
-3.03 0.03
-3.0 -0.03
-2.97 0.0
-2.98 0.02
-2.99 0.01
-2.97 0.01
-3.35 0.56
-2.99 -0.02
-3.7 0.07
-3.07 0.68
-3.02 -0.0
-2.97 0.05
-2.98 0.0
-3.51 0.42
-2.76 0.68
-2.98 -0.03
-2.58 -0.58
-2.98 -0.02
-2.99 0.01
-3.52 0.46
-2.96 0.02
-2.36 -0.23
-3.01 -0.02
-2.99 -0.01
-3.31 -0.61
-3.21 -0.69
-2.45 0.44
-3.02 -0.02
-3.69 0.2
-2.91 0.68
-3.61 0.33
-3.0 0.67
-3.03 -0.01
-3.67 0.27
-3.04 0.0
-2.49 0.43
-2.98 -0.0
-2.98 0.02
-3.69 -0.15
-2.97 0.0
-3.03 -0.02
-2.33 0.23
-2.98 0.01
-3.65 0.31
-3.05 -0.04
-2.53 -0.49
-2.47 -0.48
-3.7 -0.27
-2.98 -0.04
-3.4 -0.61
-3.69 0.09
-2.28 0.04
-3.53 0.42
-3.01 0.0
-2.86 -0.64
-3.47 -0.5
-2.57 0.56
-3.36 0.61
-3.0 0.0
-3.61 -0.28
-3.67 0.05
-2.96 0.04
-3.73 -0.01
-2.31 -0.17
-2.36 -0.22
-3.58 -0.38
-3.0 0.02
-2.97 -0.02
-2.57 0.57
-3.01 -0.01
-2.36 -0.31
-2.99 -0.02
-2.98 -0.05
-3.02 -0.72
-3.0 0.03
-3.0 -0.01
-2.33 -0.25
-2.45 0.48
-2.32 0.01
-2.96 -0.02
-2.31 0.16
-3.27 -0.66
-3.01 0.01
-2.32 -0.04
-3.0 0.03
-3.05 -0.02
-3.47 0.53
-3.02 -0.01
-3.0 0.01
-2.98 0.01
-3.01 0.0
-3.16 0.71
-3.02 0.01
-2.38 0.29
-3.02 0.0
-2.98 0.0
-3.0 0.01
-2.44 0.38
-2.75 -0.68
-2.65 0.62
-3.7 0.15
-3.28 0.65
-3.0 -0.03
-3.01 -0.04
-2.96 0.02
-2.98 0.01
-2.97 -0.03
-2.81 0.64
-2.35 0.33
-3.3 -0.63
-2.97 0.01
-3.59 -0.41
-3.02 -0.02
-3.43 0.57
-2.96 0.02
-3.01 0.01
-3.68 -0.08
-2.99 -0.02
-3.01 0.01
-2.99 0.0
-2.4 0.36
-3.01 -0.03
-3.63 -0.23
-2.31 -0.09
-2.69 -0.63
-2.98 -0.01
-3.0 -0.03
-3.61 -0.3
-3.61 -0.39
-2.52 -0.52
-3.6 -0.41
-2.31 0.21
-2.95 0.68
-3.02 -0.0
-2.92 -0.71
-3.01 -0.75
-2.67 -0.63
-2.97 -0.0
-3.02 0.01
-3.5 -0.46
-3.08 0.71
-3.47 -0.52
-3.01 0.0
-3.12 -0.68
-3.07 -0.72
-3.45 0.5
-2.31 -0.01
-3.67 0.2
-3.72 -0.09
-2.47 -0.49
-2.97 0.03
-3.01 0.0
-3.69 0.09
-2.53 -0.48
-3.0 0.01
-2.42 -0.42
-2.54 0.53
-3.01 0.01
-2.97 -0.03
-3.0 0.02
-3.0 -0.01
-3.7 -0.14
-2.99 0.02
-2.51 0.5
-3.02 -0.02
-3.01 -0.06
-3.0 0.01
-2.99 0.01
-3.32 -0.63
-2.96 -0.02
-3.0 0.01
-2.99 -0.01
-3.01 0.02
-2.94 0.7
-2.98 0.03
-3.3 0.62
-3.01 0.02
-2.99 -0.01
-3.36 -0.59
-3.0 0.04
-2.87 0.67
-3.45 0.52
-3.02 0.04
-3.01 -0.01
-2.63 0.6
-2.98 -0.04
-2.43 0.42
-2.87 -0.71
-2.99 -0.01
-3.0 0.01
-3.0 -0.01
-2.99 -0.01
-2.68 -0.56
-3.44 -0.56
-2.96 0.02
-3.02 -0.04
-2.96 -0.73
-2.54 0.51
-2.96 -0.01
-3.33 -0.57
-2.91 0.7
-2.45 -0.47
-2.97 0.02
-2.98 0.01
-3.02 -0.0
-2.99 -0.02
-2.98 -0.01
-3.12 -0.69
-2.98 -0.03
-3.55 0.42
-2.99 0.03
-2.78 -0.67
-2.99 -0.01
-2.33 0.08
-3.18 0.69
-3.24 0.65
-2.98 0.01
-2.99 0.02
-3.0 -0.01
-3.01 -0.0
-3.72 -0.0
-2.85 0.64
-3.0 -0.02
-3.3 0.63
-3.01 0.0
-3.12 -0.69
-3.11 0.7
-2.99 0.0
-2.57 -0.58
-3.67 0.18
-2.99 -0.0
-2.98 -0.0
-2.33 -0.1
-2.87 -0.68
-2.98 0.01
-3.51 -0.45
-2.97 0.02
-2.31 -0.2
-2.98 0.02
-3.0 0.01
-2.37 0.26
-3.69 -0.22
-3.04 -0.7
-2.98 -0.01
-2.65 0.62
-3.02 0.03
-2.98 0.02
-3.69 -0.16
-2.32 0.18
-3.0 0.03
-3.02 0.02
-2.99 -0.02
-3.01 0.02
-2.99 0.02
-2.89 0.68
-2.97 0.0
-3.0 -0.02
-2.32 0.05
-3.59 0.41
-2.99 0.04
-3.0 -0.03
-3.06 0.02
-3.45 -0.56
-2.38 -0.35
-3.01 0.02
-2.7 0.66
-2.28 -0.08
-0.02 3.0
0.03 3.0
-0.34 3.67
0.03 2.98
-0.0 3.0
-0.01 3.05
0.02 3.03
-0.31 2.39
-0.68 3.21
0.01 3.0
0.02 3.05
-0.04 3.0
-0.03 3.71
0.19 2.34
-0.0 3.03
0.19 3.68
-0.0 2.98
-0.01 2.31
-0.32 2.38
-0.09 3.72
-0.01 2.99
0.02 2.98
-0.13 2.3
-0.58 3.42
-0.03 2.96
0.0 3.0
-0.0 3.0
-0.02 3.01
-0.72 2.96
0.0 3.0
0.18 2.31
0.0 3.01
0.66 2.74
0.27 3.68
0.47 3.5
-0.0 3.01
0.13 3.67
0.02 3.07
0.23 3.69
-0.66 3.21
0.27 2.36
-0.01 3.02
-0.63 3.32
0.34 3.64
0.04 3.0
0.68 2.85
0.01 2.99
-0.52 3.51
-0.5 3.49
-0.02 3.04
-0.02 2.96
0.43 3.55
-0.01 3.05
0.0 2.99
0.46 2.49
0.32 2.39
-0.0 2.99
0.01 3.02
0.01 3.0
0.01 2.99
-0.61 2.61
-0.02 2.98
0.47 3.55
-0.01 3.03
0.01 2.99
-0.49 2.49
0.71 2.93
0.04 2.99
0.01 3.02
-0.72 2.86
-0.02 3.02
-0.02 2.99
-0.7 3.09
0.67 2.77
-0.01 3.03
-0.24 3.64
-0.04 2.27
0.01 2.94
0.01 3.0
-0.44 3.57
0.18 2.34
-0.61 2.69
0.04 3.71
-0.01 2.96
0.56 3.46
-0.01 3.02
-0.2 2.33
-0.0 2.99
0.01 2.97
0.03 3.0
0.05 2.97
0.01 2.97
-0.0 3.02
-0.4 2.4
-0.46 2.47
0.69 3.18
0.68 3.14
-0.01 2.98
-0.22 3.66
0.66 3.12
0.4 2.41
-0.37 3.59
0.01 2.99
-0.02 3.01
0.0 3.02
0.0 3.03
-0.02 3.02
0.36 3.64
-0.53 3.47
0.0 3.01
-0.34 3.6
0.31 3.67
-0.69 2.8
0.04 3.01
0.55 2.59
0.47 3.55
0.58 3.41
0.52 2.59
-0.27 3.66
0.51 3.43
0.71 2.99
0.02 3.04
0.02 3.02
0.02 3.02
-0.01 3.04
-0.01 3.02
0.34 2.43
-0.48 3.51
-0.17 3.67
0.66 3.29
-0.0 3.01
0.0 3.01
-0.04 3.65
0.72 3.01
-0.0 3.0
-0.02 3.0
-0.67 2.86
0.31 2.38
-0.03 3.03
0.01 3.0
-0.01 3.02
0.04 2.98
0.41 2.38
-0.0 3.04
0.0 2.95
-0.04 2.99
0.01 3.03
0.5 2.5
0.01 3.02
-0.01 3.02
-0.64 3.22
0.41 3.57
0.03 3.02
0.47 2.5
-0.41 3.59
-0.02 3.02
0.01 3.0
-0.01 3.05
0.62 2.64
0.04 2.32
0.34 3.61
0.0 2.99
-0.0 3.02
-0.6 2.71
0.12 3.7
0.01 2.32
0.52 2.49
-0.03 3.06
0.01 2.97
0.04 3.04
-0.68 2.81
0.02 3.02
-0.02 2.98
-0.41 2.44
-0.01 2.96
0.0 2.99
-0.37 2.4
-0.69 3.09
-0.13 3.7
-0.0 2.99
-0.01 3.01
-0.3 2.34
-0.0 3.01
0.66 2.81
-0.17 2.32
0.69 3.13
-0.03 3.03
0.0 3.01
-0.59 3.33
-0.01 2.99
0.09 2.29
-0.01 3.0
-0.73 2.99
-0.55 2.55
0.69 3.0
0.01 2.97
0.02 3.03
0.0 2.99
-0.01 3.01
0.51 3.45
-0.66 2.74
0.03 3.01
-0.53 2.57
0.66 3.23
-0.04 2.97
0.02 3.04
-0.66 3.17
0.59 3.36
-0.04 3.02
-0.5 2.53
0.02 2.99
0.01 2.97
0.01 2.97
0.05 3.02
0.62 2.71
0.02 2.96
-0.02 3.01
-0.0 2.98
-0.25 2.32
-0.01 2.98
0.03 3.02
0.08 2.27
0.67 2.88
-0.02 2.97
0.62 3.32
-0.0 3.0
0.66 2.62
-0.03 3.02
0.02 2.98
-0.01 2.99
-0.0 3.0
-0.01 2.99
0.73 3.06
-0.58 3.4
-0.58 3.35
-0.03 2.97
-0.03 3.04
0.33 2.37
-0.72 3.0
0.02 2.98
0.01 3.0
-0.03 2.97
-0.64 3.2
0.01 3.05
0.56 3.42
0.0 3.02
-0.02 2.98
-0.27 3.65
0.55 2.56
0.13 3.67
-0.7 2.84
-0.03 3.04
0.62 2.66
-0.28 2.36
0.01 2.98
-0.08 2.29
-0.02 3.71
0.0 2.99
-0.01 3.02
0.08 3.7
-0.55 3.4
0.03 3.0
-0.0 3.02
-0.26 2.31
-0.56 2.6
0.03 3.71
0.0 3.01
-0.71 3.1
0.02 2.98
-0.47 2.51
0.25 3.65
0.63 3.2
0.69 2.9
0.01 2.99
0.04 2.97
-0.44 3.57
0.13 2.32
0.44 2.45
-0.59 3.33
0.01 2.99
-0.57 2.62
-0.0 3.0
-0.32 3.64
0.02 2.99
-0.0 3.02
-0.0 2.28
0.65 3.25
0.0 3.01
0.02 3.02
0.63 3.31
-0.02 3.05
0.01 3.0
-0.64 2.74
-0.01 2.98
-0.74 2.91
-0.69 2.93
0.27 2.36
0.68 2.83
-0.04 2.98
0.26 -3.65
0.02 -2.98
0.03 -3.03
-0.68 -3.05
0.0 -2.99
0.01 -3.01
-0.56 -3.42
0.41 -2.43
0.03 -2.99
0.01 -2.99
0.42 -2.43
0.04 -2.99
-0.0 -3.01
-0.45 -2.49
-0.02 -2.97
0.49 -3.51
0.0 -3.01
0.09 -2.29
-0.02 -3.0
0.25 -2.34
-0.5 -2.52
-0.01 -3.04
-0.61 -3.38
-0.02 -3.0
-0.01 -2.99
0.02 -3.72
0.69 -2.93
-0.03 -3.02
0.23 -2.32
-0.01 -3.03
0.04 -2.99
-0.09 -2.3
0.01 -2.96
0.68 -3.21
0.03 -3.01
-0.01 -2.98
-0.72 -2.97
-0.32 -2.4
0.02 -2.99
-0.01 -2.97
-0.65 -3.08
0.02 -2.97
-0.65 -3.2
0.51 -3.48
-0.01 -3.01
0.56 -3.42
0.02 -3.02
-0.56 -3.44
0.69 -3.12
-0.13 -2.31
0.0 -3.0
-0.29 -3.62
-0.02 -3.01
0.01 -2.99
0.01 -2.98
0.03 -3.0
0.0 -3.02
-0.02 -2.96
0.02 -3.0
-0.01 -2.98
-0.01 -3.01
0.55 -2.56
0.0 -3.0
-0.01 -3.02
0.52 -3.52
-0.7 -2.74
-0.01 -2.98
0.01 -2.99
0.02 -3.0
0.0 -3.0
0.03 -3.0
0.48 -3.55
0.01 -3.05
0.21 -3.66
-0.03 -3.0
0.01 -2.98
-0.73 -3.01
0.04 -2.99
-0.64 -3.29
-0.49 -3.48
0.03 -3.01
-0.37 -2.45
0.69 -2.87
0.02 -3.0
-0.65 -2.66
-0.26 -2.34
0.19 -2.37
0.17 -2.28
0.68 -2.79
-0.01 -3.02
-0.36 -2.42
0.01 -3.02
-0.0 -2.99
0.59 -3.34
0.35 -3.61
-0.69 -2.82
-0.69 -2.91
0.7 -3.04
-0.48 -2.52
0.53 -2.6
-0.37 -3.61
0.01 -2.97
-0.52 -3.52
0.7 -2.89
-0.14 -2.28
0.0 -3.01
-0.01 -3.0
0.65 -2.71
0.47 -3.54
-0.65 -2.74
0.01 -2.95
-0.03 -2.99
0.65 -3.02
-0.02 -3.01
0.16 -3.69
-0.01 -2.99
-0.01 -3.01
-0.17 -3.69
-0.04 -3.03
0.0 -3.06
0.72 -2.99
0.38 -2.41
0.01 -2.99
0.12 -3.69
0.05 -2.98
0.03 -3.0
-0.02 -3.02
0.01 -2.98
-0.03 -3.0
-0.02 -3.0
0.33 -2.4
0.62 -2.76
-0.19 -2.34
0.0 -2.96
0.01 -3.73
-0.69 -3.14
0.63 -2.69
-0.04 -3.04
0.0 -3.01
0.03 -3.0
0.01 -2.96
-0.44 -2.42
0.0 -3.01
-0.01 -2.99
0.5 -2.49
-0.01 -3.02
0.01 -3.0
-0.02 -3.01
-0.23 -2.31
0.39 -3.57
0.3 -3.61
0.01 -2.99
0.65 -3.23
-0.01 -3.0
-0.11 -3.68
0.3 -3.62
-0.05 -3.72
-0.68 -3.21
-0.05 -2.3
0.42 -3.6
0.1 -2.28
-0.16 -3.66
0.01 -2.96
0.0 -3.02
-0.01 -3.67
-0.62 -3.31
0.58 -2.6
-0.01 -3.0
-0.61 -3.3
0.01 -3.0
0.37 -2.39
0.23 -2.36
-0.02 -3.02
0.01 -2.99
-0.03 -2.99
0.59 -3.39
0.51 -2.49
0.04 -2.97
-0.56 -2.6
-0.01 -3.01
0.0 -3.01
-0.65 -3.22
0.01 -3.01
-0.02 -3.0
-0.68 -3.06
-0.02 -2.98
-0.01 -2.99
-0.02 -2.98
0.03 -2.97
-0.05 -3.71
-0.59 -3.37
0.01 -3.01
-0.03 -3.02
0.0 -2.98
-0.56 -2.54
-0.43 -2.44
0.01 -3.0
-0.61 -2.59
0.14 -3.69
0.54 -2.59
0.68 -2.81
0.4 -3.58
-0.02 -3.0
-0.66 -2.69
-0.01 -2.99
-0.02 -3.01
0.0 -2.98
-0.04 -3.01
-0.3 -2.35
0.03 -3.01
0.01 -3.0
-0.27 -2.35
0.61 -3.35
0.02 -3.0
-0.37 -3.62
-0.02 -3.01
0.23 -3.66
-0.02 -2.97
-0.02 -2.99
-0.68 -2.85
-0.67 -2.9
-0.42 -3.53
-0.43 -2.48
0.0 -2.99
-0.56 -2.56
0.58 -3.42
-0.03 -3.01
0.03 -2.96
-0.01 -3.02
-0.01 -3.0
-0.01 -3.02
-0.68 -2.8
0.68 -3.05
0.06 -3.72
0.01 -2.99
0.46 -2.49
0.13 -2.3
-0.01 -2.98
-0.19 -3.63
-0.39 -3.56
0.66 -3.17
0.62 -3.29
-0.01 -3.0
-0.03 -2.99
-0.01 -2.99
0.69 -2.91
-0.26 -3.65
-0.63 -2.66
0.69 -3.15
-0.03 -3.04
0.33 -2.39
0.02 -2.99
0.01 -3.02
-0.52 -3.45
-0.0 -2.99
0.02 -2.98
-0.02 -3.03
-0.01 -2.98
-0.41 -3.56
0.0 -3.04
-0.61 -2.65
0.01 -3.0
-0.03 -3.0
0.02 -3.02
0.02 -3.04
0.04 -2.31
-0.01 -2.98
0.04 -3.03
-0.01 -3.0
0.01 -2.98
0.71 -3.0
0.03 -2.3
0.62 -2.66
-0.02 -3.02
0.0 -2.98
-0.03 -2.99
0.59 -3.37
-0.11 -2.3
0.48 -2.49
-0.01 -3.03
-0.21 -3.66
-0.03 -2.27
-0.15 -3.66
-0.01 -3.0
0.25 -3.65
-0.65 -3.28
-0.34 -3.61
-0.01 -2.98
-0.72 -2.9
-0.01 -3.02
-0.01 -3.0
0.0 -3.0
0.61 -3.27
-0.49 -3.48
-0.72 -3.18
-0.01 -3.01
0.02 -3.01
0.55 -2.58
-0.0 -3.05
