0.97 3.82
0.96 3.99
0.61 4.14
1.34 4.74
3.23 2.71
1.12 4.0
2.08 1.06
4.08 0.91
4.27 4.96
3.06 3.15
2.75 3.08
3.96 4.83
0.89 2.48
4.1 1.04
4.0 1.11
4.06 4.6
1.03 4.8
1.07 2.74
3.09 3.16
2.19 1.07
3.06 2.98
2.02 1.05
3.42 3.02
1.29 4.73
4.17 1.06
4.02 4.84
0.96 4.12
0.97 4.92
0.89 3.99
1.01 4.91
0.85 4.15
2.02 0.96
1.9 0.92
1.98 1.1
0.93 1.72
0.6 2.46
2.68 2.78
0.63 4.83
3.87 4.92
4.03 0.99
0.36 4.93
0.98 4.02
2.99 2.69
1.13 1.63
4.05 0.76
2.09 1.1
4.3 4.87
4.01 4.88
3.23 2.94
2.93 3.26
3.1 3.0
1.03 4.85
4.02 0.9
2.82 2.85
1.97 0.85
3.88 1.23
1.16 1.96
0.88 4.01
3.28 3.35
0.85 2.2
0.82 2.21
0.99 4.03
1.03 2.34
0.73 2.4
2.05 1.06
2.05 0.96
1.92 0.98
2.86 3.14
2.11 1.15
4.08 0.93
1.11 3.83
4.11 1.06
0.4 1.76
3.96 1.02
1.06 2.24
1.18 3.93
0.84 4.87
4.11 1.1
2.09 1.09
1.92 1.0
4.07 1.04
1.45 1.96
4.35 4.66
1.0 3.9
2.87 3.07
1.05 3.98
0.85 2.15
4.0 1.08
4.07 1.07
1.17 4.95
3.87 1.0
0.74 4.75
0.9 4.08
2.78 2.86
3.88 0.97
3.92 0.99
1.27 2.12
4.19 4.93
1.14 2.26
4.05 1.15
1.82 0.88
2.7 2.86
1.97 0.86
1.09 2.59
4.03 1.01
3.86 1.11
2.91 3.23
1.11 4.83
0.75 2.22
2.18 0.92
1.08 4.0
1.99 0.93
1.27 2.15
4.03 4.82
1.95 0.91
1.88 1.04
3.18 2.74
2.14 1.13
4.02 4.68
0.87 1.9
0.32 1.7
3.82 4.99
2.6 2.95
3.18 3.31
3.05 3.06
4.03 4.84
0.58 2.34
1.92 1.01
1.18 4.81
3.96 0.94
0.98 3.98
1.17 4.94
1.87 1.12
1.96 1.16
1.9 0.86
4.13 4.93
0.92 4.66
0.79 4.9
1.19 4.09
4.05 1.02
1.03 4.16
1.87 1.1
1.13 4.02
1.67 1.92
1.18 3.93
1.95 0.91
2.96 2.9
4.07 0.94
3.91 0.87
3.96 4.95
0.95 3.95
0.77 4.7
1.19 1.84
1.97 1.18
4.06 1.05
0.95 1.44
2.77 3.14
4.25 4.81
1.98 1.04
4.41 4.44
3.92 0.93
3.8 0.85
1.09 4.14
1.37 2.19
1.01 1.94
1.89 1.01
2.14 0.92
3.87 1.03
0.88 4.0
3.21 3.24
2.84 2.88
3.88 0.99
2.92 2.74
1.03 1.38
1.97 0.84
0.55 1.71
1.06 2.23
3.97 4.76
2.8 2.77
3.87 0.91
0.56 4.98
1.14 3.9
1.46 4.9
0.78 4.91
1.96 1.03
4.01 0.87
3.26 3.13
3.9 0.98
1.46 1.79
1.52 1.68
3.15 2.91
4.12 0.95
1.07 3.86
3.94 4.9
3.84 4.9
0.96 2.48
1.29 4.81
0.9 4.12
2.14 1.03
1.89 1.04
4.28 4.9
1.99 0.99
3.1 2.91
0.95 4.04
3.07 3.14
3.08 3.51
3.97 4.99
1.04 3.87
2.79 3.08
3.97 0.86
0.96 3.99
4.11 4.86
3.13 2.79
3.96 4.92
1.17 4.82
0.97 3.95
0.9 4.7
0.89 1.72
4.14 0.87
0.88 3.94
1.58 1.8
3.62 4.77
1.98 1.08
3.82 1.13
1.32 1.69
1.92 0.91
1.96 1.1
3.3 2.74
4.1 0.98
1.12 2.72
1.01 1.96
1.87 0.92
1.48 2.43
1.01 3.84
3.86 4.76
4.12 1.16
2.01 0.87
2.78 2.85
1.13 2.44
4.03 0.86
3.2 3.23
0.83 4.92
4.02 1.11
1.28 4.97
2.11 1.09
3.87 4.93
4.12 1.07
4.1 1.17
0.75 1.89
1.9 1.09
1.18 4.99
0.95 4.24
1.94 1.16
1.12 3.93
4.06 4.93
2.89 2.9
4.04 1.1
3.97 4.77
1.1 3.97
1.12 2.19
2.18 0.92
3.94 0.93
4.03 1.14
2.14 1.01
3.9 0.9
0.93 1.59
1.13 3.91
2.99 2.64
0.95 1.86
2.59 2.88
4.21 4.93
1.04 4.11
1.25 2.17
0.37 2.26
3.06 3.2
1.99 1.07
0.77 2.14
3.99 1.02
2.16 0.98
1.84 0.97
3.93 0.85
4.17 1.05
1.13 3.87
2.99 3.21
2.74 3.12
1.95 1.03
4.28 4.86
0.51 1.5
3.19 2.85
1.09 4.09
3.89 0.85
1.22 4.87
1.22 3.89
4.05 1.13
4.26 4.7
2.01 0.99
1.12 2.05
1.3 1.52
0.93 4.16
2.04 0.97
0.98 3.96
1.97 1.17
1.1 4.75
0.99 3.94
0.95 4.22
1.23 4.84
1.48 1.75
3.92 0.95
0.93 3.98
1.03 3.95
2.3 1.24
1.03 4.06
4.08 0.96
4.09 4.95
2.86 2.92
2.11 0.99
2.1 1.1
2.05 0.81
0.96 4.09
3.07 3.08
2.02 1.13
0.82 3.98
4.11 1.07
3.37 3.08
1.9 0.98
0.7 4.93
0.85 4.98
1.12 2.75
2.02 0.75
4.04 1.06
4.05 1.15
1.07 4.1
2.81 3.02
1.98 1.08
2.8 3.36
2.92 2.87
1.16 3.93
0.46 1.78
0.99 2.18
2.02 1.01
1.08 3.97
1.09 4.01
2.92 2.89
0.85 4.12
1.04 4.07
0.91 4.1
1.32 1.91
4.01 0.94
2.92 2.71
2.02 1.08
0.94 1.96
1.13 1.97
4.16 4.94
1.1 1.78
2.13 1.05
2.13 1.02
3.17 2.94
4.06 1.09
2.04 1.09
0.94 4.03
0.88 3.96
3.93 0.98
1.89 0.94
3.09 2.96
4.03 0.93
0.91 3.98
1.0 4.01
0.66 2.24
0.95 2.16
0.82 2.25
0.93 4.06
2.09 0.85
1.92 0.91
3.89 0.8
3.33 2.96
4.06 0.97
4.19 0.94
4.01 0.87
2.91 2.89
0.96 4.9
2.77 3.11
1.16 4.27
2.0 1.09
3.29 2.86
3.99 0.86
2.07 0.95
2.78 2.7
2.83 3.14
1.02 4.03
4.07 0.98
3.88 0.77
1.04 3.92
3.31 3.15
0.38 2.0
0.92 4.11
2.0 1.0
0.89 1.68
0.92 2.07
2.8 2.84
1.15 4.71
1.06 4.0
4.19 4.41
4.01 1.1
2.91 3.28
0.92 1.69
0.93 2.38
3.27 3.19
4.1 1.07
3.85 0.99
1.08 4.74
1.89 1.09
0.95 2.11
1.93 1.03
1.97 0.97
3.98 4.96
1.95 0.85
2.99 3.28
2.12 1.01
1.96 1.18
4.14 4.96
2.32 0.99
0.91 4.84
3.04 3.02
2.09 1.0
0.92 2.17
2.82 2.74
1.0 4.0
1.96 1.12
0.96 4.0
3.29 3.26
0.88 4.95
3.24 2.84
0.93 4.09
3.47 3.01
0.89 2.47
3.39 3.05
0.92 3.94
2.04 0.81
0.87 4.85
2.12 0.94
4.04 4.85
0.96 4.93
2.09 0.99
1.08 3.81
2.76 3.11
3.09 2.93
1.05 1.82
4.06 4.97
0.57 2.38
3.21 2.58
1.01 4.81
0.94 1.73
1.38 1.28
1.43 4.64
0.98 4.84
0.94 4.88
2.74 2.63
0.72 4.79
0.71 2.41
3.05 3.16
3.91 4.92
4.03 0.88
3.97 4.96
2.89 2.94
1.01 4.01
2.03 1.07
3.98 1.01
0.73 2.05
1.05 2.32
3.21 3.05
1.1 2.03
1.52 4.69
0.93 4.0
1.54 2.09
1.96 0.95
0.92 2.05
0.92 1.9
3.02 3.08
2.95 2.98
3.07 2.64
2.01 0.87
2.86 2.99
2.12 1.19
0.89 4.06
1.91 1.12
1.96 0.92
2.5 3.05
3.98 0.91
0.94 4.0
1.12 4.07
1.37 4.99
0.48 2.22
1.15 2.45
1.23 1.56
3.89 0.83
3.33 3.03
3.82 1.02
1.02 3.91
1.62 2.05
4.0 0.87
2.12 1.2
4.09 4.87
3.13 2.92
3.37 3.21
0.85 4.05
3.92 1.08
1.1 4.06
0.93 4.94
3.95 0.91
0.66 3.88
0.41 2.47
0.7 2.27
2.0 1.04
0.82 1.84
1.84 2.68
1.12 1.87
0.93 3.87
3.01 2.76
1.64 1.67
2.09 0.91
1.13 4.02
3.86 4.98
4.08 0.92
1.17 3.9
1.02 4.02
2.77 2.92
2.06 1.12
3.13 3.06
0.49 1.42
4.01 0.96
1.31 2.1
1.02 3.97
2.03 0.95
3.19 3.36
4.19 4.66
2.71 2.91
3.88 1.01
3.13 2.92
3.28 3.37
4.07 0.75
0.94 4.11
0.89 3.86
0.87 4.0
3.28 2.83
2.59 2.8
0.98 3.99
3.04 2.77
4.19 0.88
3.96 1.03
4.11 1.01
4.16 0.84
3.1 2.87
2.98 2.8
1.92 0.87
2.03 1.04
4.12 4.78
3.25 2.87
2.8 3.09
3.68 4.68
0.98 1.83
1.98 1.06
4.14 1.12
3.83 0.95
0.89 3.94
3.42 3.27
1.0 4.11
1.16 2.41
3.95 1.11
3.01 3.14
4.14 0.93
0.87 3.95
1.87 0.92
3.96 1.1
2.03 1.01
3.93 4.96
1.98 0.89
1.99 0.82
1.01 4.03
0.87 4.06
3.9 1.13
0.97 4.13
0.89 2.37
2.01 1.07
3.97 0.93
4.12 4.73
0.72 1.45
3.94 4.92
1.17 2.14
1.07 3.85
4.14 4.96
0.92 4.87
0.74 2.03
3.82 4.8
3.99 4.88
2.11 1.11
1.93 1.13
4.15 4.93
1.45 2.01
1.27 2.32
2.91 2.7
1.04 3.92
1.01 4.72
3.98 4.82
2.11 1.11
2.21 1.08
3.03 2.89
4.03 0.98
3.95 0.95
4.04 0.86
3.93 1.05
0.86 1.84
3.89 1.0
3.93 1.08
4.09 0.92
1.1 4.01
1.94 0.96
4.09 0.92
2.79 3.09
4.18 0.97
1.19 1.62
4.03 4.79
0.93 3.85
1.97 1.02
2.21 1.02
3.8 0.94
1.28 2.06
2.76 2.89
3.89 4.64
2.99 2.94
1.11 4.06
0.8 1.99
3.77 4.91
1.22 1.99
4.05 0.9
4.22 1.03
3.22 2.99
2.02 1.08
1.32 4.94
0.96 4.87
1.18 2.02
3.43 2.98
0.8 3.91
0.96 4.03
1.32 1.73
0.88 4.03
0.88 4.2
2.84 2.86
3.24 2.76
2.11 0.92
1.98 1.05
1.78 1.66
3.99 1.02
4.12 1.05
1.31 4.94
1.07 4.97
4.12 4.79
4.06 0.91
3.08 3.03
3.83 0.97
1.18 2.21
2.72 3.05
0.98 4.92
2.98 3.1
1.14 4.02
4.04 4.97
2.95 2.88
3.86 1.04
2.71 3.09
1.7 1.66
1.12 4.11
4.12 0.93
0.71 4.69
1.99 0.89
1.03 4.92
1.0 3.96
1.55 2.48
1.14 3.95
1.52 2.57
0.88 4.08
2.06 0.74
0.96 4.07
3.92 4.8
3.99 4.95
3.87 4.75
1.04 1.44
2.91 2.97
1.74 2.42
1.59 2.22
3.24 3.61
1.99 1.17
0.99 3.98
0.89 4.1
0.97 3.94
1.59 2.2
3.83 0.82
0.88 4.01
1.06 4.25
1.47 1.59
4.12 0.89
0.99 2.13
1.93 1.12
2.02 0.97
1.97 0.94
4.13 0.98
3.17 3.12
1.46 1.81
0.9 3.76
2.14 1.13
1.1 1.9
0.82 4.08
4.02 0.93
3.41 4.8
1.02 2.28
1.93 1.0
4.08 0.96
1.39 1.97
0.63 4.74
3.92 1.13
4.13 4.87
4.12 0.93
1.97 0.95
1.14 3.89
0.76 4.08
4.12 0.95
4.04 0.95
3.84 4.93
1.11 1.93
0.86 4.94
3.97 0.83
0.94 3.94
3.56 4.84
4.03 0.88
3.03 2.67
0.7 1.78
2.1 1.14
1.07 4.11
1.98 1.06
1.09 3.94
1.84 0.96
1.35 4.85
3.99 1.02
1.41 1.52
0.67 5.0
1.12 4.87
1.16 4.04
0.95 1.99
4.08 4.68
2.0 1.1
2.95 2.77
2.82 2.69
3.97 1.18
3.07 3.16
4.05 0.99
1.93 0.97
3.1 2.97
1.42 1.83
4.07 0.96
1.21 4.97
3.06 3.11
2.52 3.11
1.03 4.79
1.02 4.06
0.69 1.83
1.0 3.92
2.07 1.03
1.13 4.0
1.1 4.98
0.98 1.53
2.86 3.21
0.38 2.22
3.09 2.87
3.71 0.93
3.0 3.01
2.17 1.07
0.72 2.16
0.99 4.05
3.92 1.07
0.72 4.97
3.87 4.82
3.85 4.95
1.9 0.82
1.27 3.81
4.01 0.97
1.16 3.99
3.94 4.88
1.9 1.08
2.9 3.03
0.95 4.84
0.86 2.18
0.77 4.97
3.25 3.08
2.08 1.12
0.55 2.12
0.83 2.37
2.97 2.98
3.87 1.04
3.98 1.09
4.15 0.98
2.77 2.93
1.0 3.91
2.04 1.15
2.03 0.89
2.8 3.06
2.1 0.87
0.81 2.43
0.54 1.69
0.86 1.85
0.82 2.26
1.14 2.03
0.79 3.95
0.99 3.95
2.81 2.83
1.82 0.93
3.97 1.06
1.26 4.82
3.92 4.89
2.98 3.12
4.06 1.16
4.12 4.61
3.1 2.99
2.82 2.89
1.02 4.11
2.74 3.02
1.9 1.12
0.8 3.91
2.82 3.04
1.31 4.94
1.11 2.25
2.03 1.1
1.99 1.05
1.07 4.8
4.11 4.77
0.83 4.05
3.89 1.09
2.0 0.96
3.87 4.92
4.43 4.93
2.99 2.98
4.2 1.12
2.98 3.07
1.2 4.16
2.01 0.74
0.97 3.8
3.93 0.85
3.84 0.88
1.22 4.98
1.03 3.97
1.58 2.07
2.08 1.02
0.87 3.96
3.97 0.94
1.06 3.89
3.69 4.82
3.93 0.93
4.13 0.88
3.82 4.97
1.04 2.13
0.94 4.04
0.93 4.09
4.05 1.35
0.48 4.74
4.24 3.97
4.09 1.68
0.45 2.84
3.14 4.47
2.94 4.07
4.06 1.87
2.85 0.51
2.86 4.13
2.11 1.77
3.26 4.44
0.49 4.72
2.58 4.64
0.62 4.07
2.49 2.88
1.98 4.78
2.5 2.39
2.54 2.29
2.27 3.94
2.85 2.67
1.07 1.5
3.54 3.64
3.88 3.99
3.12 1.89
1.86 1.72
2.18 3.1
0.58 1.78
1.28 2.21
1.99 1.11
2.01 2.25
1.6 2.4
2.11 0.54
1.16 1.96
2.56 2.19
2.69 2.89
3.99 3.47
2.1 2.37
1.85 3.39
2.49 2.29
2.84 2.98
2.95 2.72
0.93 2.64
1.63 3.58
2.62 2.61
0.84 1.93
1.81 2.85
3.49 3.29
3.07 2.32
1.09 3.49
3.24 0.88
1.74 1.14
1.59 2.53
2.62 3.8
1.63 2.84
1.01 1.42
0.4 1.6
3.2 2.3
2.12 2.25
0.99 4.62
2.57 3.75
2.73 1.19
3.2 2.58
1.3 1.5
3.59 3.2
4.66 4.42
4.5 3.8
1.4 3.39
2.95 1.6
2.32 4.72
3.08 1.32
2.38 2.01
2.1 2.31
2.38 3.0
3.74 1.21
2.35 4.28
4.06 3.42
4.72 4.76
3.22 3.53
3.78 2.76
3.05 4.23
2.83 3.03
3.8 2.47
1.53 0.81
3.15 1.66
2.51 0.18
2.59 4.43
4.03 2.75
2.42 3.48
3.38 1.05
0.42 2.81
2.76 0.29
3.39 2.94
2.62 4.95
3.26 3.83
1.06 4.25
0.58 2.56
0.76 3.04
1.59 2.19
2.92 2.9
2.48 3.39
0.36 4.93
1.41 4.23
1.38 4.01
4.38 0.7
3.13 1.07
2.69 4.73
3.78 2.69
1.83 1.81
3.22 4.41
2.11 4.71
2.41 1.23
1.66 3.37
0.48 1.43
3.95 2.19
1.26 3.62
2.58 2.84
3.1 1.62
4.94 2.92
2.75 2.65
3.58 2.96
1.6 1.86
1.92 3.07
1.09 3.09
1.65 4.43
0.79 3.05
3.28 0.08
2.58 3.58
2.64 4.44
3.13 4.05
3.17 2.62
2.05 1.79
0.86 4.01
2.83 1.13
1.63 3.29
1.73 3.74
1.57 4.06
4.04 4.34
1.89 3.09
2.39 0.62
3.55 3.27
0.25 1.41
0.47 3.84
4.14 3.7
1.62 0.37
4.9 4.61
1.11 3.65
2.75 3.8
3.64 0.63
3.06 2.11
3.11 3.03
1.77 4.24
4.48 3.18
3.79 2.3
0.69 2.93
2.61 2.76
1.74 4.3
3.64 0.11
1.96 1.62
1.0 3.21
2.03 1.89
2.73 2.84
4.93 1.41
1.56 2.03
0.28 4.52
4.1 3.52
2.63 1.72
1.37 0.99
0.41 2.51
4.29 3.18
4.85 4.29
