% P. Fränti and O. Virmajoki, "Iterative shrinking method for clustering problems", Pattern Recognition, 39(5), 761-765, May 2006.

664159	550946	8
665845	557965	8
597173	575538	8
618600	551446	8
635690	608046	8
588100	557588	8
582015	546191	8
604678	574577	8
572029	518313	8
604737	574591	8
577728	587566	8
602013	574722	8
627968	574625	8
607269	536961	8
603145	574795	8
671919	571761	8
612184	570393	8
600032	575310	8
627912	593892	8
601967	604428	8
591851	569051	8
601444	572693	8
629718	558104	8
661430	603567	8
597551	556737	8
601182	582584	8
562704	570596	8
605107	563429	8
607214	575069	8
568824	570203	8
612485	518009	8
589244	573777	8
625579	551084	8
560237	500154	8
626224	569687	8
610666	551701	8
597428	569940	8
600582	599535	8
604168	555003	8
613871	550423	8
617310	551945	8
625728	579460	8
606300	566708	8
638559	558807	8
582176	630383	8
544056	577786	8
631297	578351	8
561574	621747	8
604973	574773	8
605284	556134	8
617910	592293	8
555904	640401	8
526559	509417	8
603849	572396	8
598634	619900	8
603359	589262	8
657455	567754	8
614279	599251	8
578496	631434	8
645171	595209	8
688015	533535	8
656477	573007	8
540029	563888	8
597418	538362	8
613545	574733	8
628696	542447	8
604157	574191	8
603126	497987	8
605850	533310	8
596179	529556	8
610330	552628	8
598184	531473	8
620438	511694	8
600202	622079	8
603021	577991	8
515612	540643	8
606548	574376	8
593490	623110	8
607084	595500	8
583728	563146	8
616044	533807	8
624452	584622	8
604438	574666	8
625709	660145	8
601376	579831	8
565148	557305	8
639418	537903	8
612799	537497	8
583653	652182	8
599808	596484	8
605250	573272	8
606738	601356	8
611044	571814	8
575440	568511	8
616329	529516	8
605927	572533	8
609286	586782	8
647354	579190	8
606929	571420	8
562920	559223	8
680357	620811	8
707100	601463	8
604294	574368	8
614917	600946	8
611508	503220	8
603789	574474	8
551740	588768	8
546031	570429	8
569197	559307	8
688712	568754	8
604067	574091	8
606809	572101	8
588597	622592	8
613840	534167	8
576263	547239	8
597077	568196	8
601339	571609	8
606011	569426	8
593398	559764	8
593166	622725	8
609796	532982	8
712648	607541	8
585048	505097	8
525967	565687	8
660327	585901	8
607604	573951	8
604001	573587	8
591484	571087	8
613868	585089	8
645464	660478	8
538571	654649	8
555429	604551	8
597620	586226	8
586097	567445	8
545235	539822	8
649088	575733	8
599123	616977	8
563763	559454	8
617717	613939	8
618869	577243	8
567188	560044	8
636628	533309	8
560362	567914	8
595014	632844	8
605876	550640	8
604352	573425	8
600679	599545	8
596891	579476	8
614943	540976	8
604415	571400	8
603698	573585	8
658199	568743	8
598759	582942	8
671269	590258	8
593317	534085	8
657985	453405	9
608557	590278	8
623004	508050	8
601900	569391	8
641031	593074	8
589658	640498	8
567565	573952	8
559078	570088	8
639431	588155	8
566609	537592	8
568570	579335	8
660650	615038	8
667639	571164	8
596796	529933	8
606111	617846	8
616060	590779	8
602873	527864	8
571334	594145	8
602167	543919	8
605100	573307	8
546640	560043	8
585195	555011	8
651740	589474	8
589112	536573	8
582057	543124	8
690968	555952	8
609030	552436	8
632125	541413	8
603445	630598	8
628264	616214	8
577242	574073	8
604090	574392	8
607911	576556	8
600665	638890	8
600117	539079	8
631182	565466	8
695646	652231	8
619445	567491	8
613191	571942	8
567428	580005	8
590583	623314	8
606289	670243	8
585175	574133	8
634967	579020	8
614615	574437	8
593061	579188	8
606933	576409	8
606587	573873	8
594084	629464	8
683697	581516	8
601530	577183	8
603055	589818	8
616561	619007	8
607463	477085	9
611581	572630	8
579712	568354	8
602887	595245	8
600039	557139	8
605913	579526	8
579773	568698	8
606324	544357	8
605958	573728	8
606144	575076	8
667472	570571	8
580048	565009	8
597802	576113	8
610263	574422	8
603855	575180	8
624369	532153	8
599870	591110	8
577167	617095	8
658403	611332	8
563460	480559	9
610980	522819	8
569422	567790	8
627727	578737	8
592804	584539	8
540783	626497	8
591823	639096	8
637323	549567	8
638078	629421	8
611315	560757	8
647103	573853	8
522993	595581	8
601187	531825	8
533799	564377	8
649034	528813	8
620975	564344	8
622407	583192	8
597026	642918	8
551291	576721	8
608768	610525	8
697959	614701	8
658281	582264	8
546632	599204	8
672565	564468	8
636500	587401	8
696144	548705	8
533551	582247	8
526802	551524	8
553038	606418	8
696601	603624	8
588964	597435	8
716139	621721	8
608529	586311	8
557378	567033	8
589994	610890	8
589344	563119	8
624415	515911	8
565483	551512	8
584895	574666	8
582777	542670	8
639394	576728	8
608298	573748	8
663578	586265	8
628080	562986	8
597421	554767	8
595193	576508	8
658103	572250	8
659529	498474	8
606415	581386	8
641976	577433	8
587466	564953	8
589180	595099	8
601885	573083	8
580561	528916	8
621726	578003	8
558817	576255	8
620213	574468	8
594010	570095	8
541976	512639	8
593840	578685	8
602667	575857	8
631446	561156	8
596481	567449	8
611318	581584	8
568546	564911	8
593865	572987	8
597017	575588	8
578804	573582	8
673750	594081	8
592714	553958	8
594029	586701	8
668502	563937	8
629533	537542	8
801539	318482	15
801667	318542	15
814045	332998	15
800479	321640	15
757470	224976	15
844536	424646	15
797105	316002	15
779956	271501	15
797205	313318	15
801323	316240	15
783666	262902	15
806131	312752	15
830658	368694	15
802482	335269	15
801910	325434	15
808062	337340	15
789833	304422	15
803603	327255	15
800865	312968	15
802237	318526	15
803959	315173	15
800123	312312	15
780927	285057	15
797242	324588	15
801551	320544	15
809182	319115	15
801931	317202	15
870801	476330	15
820327	352701	15
801093	317509	15
798523	324500	15
805237	318655	15
803375	311620	15
801441	323812	15
797313	317527	15
788220	301915	15
790395	300024	15
817135	349925	15
797787	301470	15
804630	332333	15
808710	330379	15
802111	320817	15
796375	309563	15
819768	346596	15
814605	354382	15
800565	319364	15
802089	313456	15
814401	341234	15
796609	319691	15
776131	248465	15
803464	329093	15
802646	317894	15
809550	327365	15
795322	311178	15
830450	393096	15
778414	260729	15
800041	318331	15
802814	320130	15
802738	312234	15
823913	369439	15
803386	318982	15
812869	346251	15
798904	324420	15
800447	331643	15
807446	342555	15
804251	329956	15
797594	302109	15
803448	314797	15
765502	240340	15
795527	315510	15
794640	313497	15
808717	335740	15
790932	305223	15
816852	352965	15
826228	376658	15
795299	312036	15
808686	332209	15
809594	344872	15
799275	324108	15
878184	487392	15
798472	322218	15
824822	367091	15
746769	205186	15
756701	207223	15
795489	287279	15
800483	320713	15
783491	288029	15
797162	306135	15
800272	316170	15
806827	324616	15
802853	314938	15
800804	316615	15
813173	354777	15
801588	319814	15
797400	315778	15
823840	368410	15
811391	343836	15
801055	321833	15
804038	306622	15
803780	334441	15
834173	386159	15
802784	313853	15
807293	347456	15
817119	336333	15
786635	269352	15
824624	381716	15
797415	319840	15
800772	325023	15
806626	318966	15
800845	311838	15
769386	259892	15
797272	324228	15
807409	325526	15
795836	291870	15
798321	319665	15
805372	313397	15
790738	308028	15
800667	315995	15
795205	316433	15
809054	345541	15
808452	320117	15
779897	279572	15
782642	275308	15
797569	321799	15
801751	318110	15
787644	297715	15
807401	314610	15
800677	310656	15
800394	301473	15
795571	310093	15
814158	335578	15
811913	325091	15
806982	316680	15
775604	274485	15
800133	327081	15
806511	313841	15
803796	314893	15
802012	318315	15
826789	377676	15
814108	344096	15
804354	309671	15
807017	330432	15
803774	334756	15
817410	346944	15
841928	398948	15
816145	349032	15
818622	370753	15
786245	292352	15
784164	285702	15
805390	319676	15
790774	303642	15
803277	319525	15
833182	379714	15
773023	251826	15
801609	320399	15
778965	282290	15
814317	333112	15
805080	323708	15
801080	318049	15
799724	318884	15
798059	316113	15
806176	320301	15
769876	257669	15
825716	373098	15
791983	298565	15
801386	313545	15
804871	317801	15
810903	332925	15
838276	395673	15
810543	341180	15
777978	252419	15
820258	351165	15
801997	319385	15
779437	281959	15
810253	323873	15
794826	309589	15
814280	344223	15
832651	373469	15
794142	306704	15
802041	319504	15
804190	320706	15
798983	325682	15
840462	402858	15
799912	323363	15
804119	328544	15
804358	320802	15
803057	331037	15
803031	325811	15
784151	283760	15
800444	311497	15
802004	317772	15
803470	319069	15
811277	335577	15
803332	315488	15
800037	317963	15
813436	360446	15
800694	316789	15
838129	404012	15
764997	249477	15
800316	311699	15
806848	320541	15
805462	317833	15
798308	312788	15
802655	316263	15
801456	320080	15
801309	318213	15
840886	397888	15
829529	375007	15
830805	370801	15
804979	334141	15
804013	316083	15
808489	317021	15
770113	241615	15
804332	319006	15
833661	389733	15
797834	297329	15
794956	309980	15
801232	307078	15
809552	342258	15
794615	305632	15
809259	345634	15
811502	355939	15
801301	316893	15
803370	318247	15
804702	315881	15
797009	293194	15
813791	334609	15
812965	330224	15
826048	374236	15
800959	322309	15
803405	317316	15
802254	320673	15
783116	265635	15
798633	317300	15
801482	327644	15
798612	326404	15
799001	302014	15
802537	312497	15
799794	315080	15
793892	313943	15
804691	332987	15
793855	298525	15
796952	318633	15
800655	320227	15
801780	318992	15
805977	320805	15
796916	323332	15
820904	351763	15
808405	318841	15
765283	249459	15
824212	363776	15
798981	311092	15
797178	310439	15
800582	316980	15
803839	310353	15
796283	315582	15
801145	317601	15
801662	318423	15
801782	318281	15
803377	319212	15
803932	318781	15
806192	337849	15
789583	287700	15
801586	318947	15
804251	331304	15
799667	316830	15
759789	229116	15
799021	326404	15
793684	312065	15
806320	315242	15
786234	267976	15
821151	366545	15
801903	312794	15
782506	279930	15
803627	319323	15
794991	291216	15
794667	315069	15
799291	317500	15
798243	324160	15
804408	337683	15
818119	348676	15
810502	336169	15
793560	285392	15
801326	315779	15
808644	326320	15
813645	328765	15
800966	317165	15
797111	302781	15
802431	322048	15
811061	333595	15
786719	283364	15
773955	239849	15
803701	321815	15
783110	289805	15
800235	316652	15
807421	317527	15
797947	319734	15
805035	317469	15
801166	322298	15
846693	429031	15
801493	322249	15
806087	326636	15
810657	329468	15
801313	300606	15
800390	309948	15
801634	318965	15
799197	314215	15
795254	296488	15
807696	320548	15
800461	326821	15
801174	320442	15
809781	326904	15
826585	366934	15
804429	312164	15
788005	292268	15
801183	316191	15
378274	816341	11
406233	813072	11
401478	785370	11
448651	847994	11
434440	822866	11
369199	734895	11
413241	771595	11
369418	733394	11
378563	789670	11
424190	780052	11
415993	776671	11
421352	799127	11
432656	783776	11
383032	788008	11
414377	771258	11
425260	773661	11
469139	810971	11
442979	803024	11
347079	803582	11
412797	803180	11
352874	807952	11
442286	755194	11
416433	786159	11
419700	793447	11
422961	821595	11
400008	789447	11
429586	775621	11
457561	788245	11
415417	785827	11
389552	750700	11
415598	786499	11
443447	783977	11
404792	749210	11
389392	730768	11
473485	847098	11
491614	778997	11
437483	785130	11
452570	848127	11
417197	778243	11
405986	787439	11
437568	794323	11
420319	794333	11
418963	746595	11
469422	822619	11
397688	762902	11
418149	790096	11
407289	798870	11
360319	778673	11
473799	795167	11
445199	763833	11
446537	828924	11
410019	732704	11
396540	815936	11
407694	718592	11
417091	792545	11
442260	754050	11
411526	784658	11
407814	765816	11
394022	803914	11
481133	781413	11
396118	794614	11
458538	786673	11
419721	789724	11
424476	781552	11
377720	727349	11
448336	789445	11
412227	787450	11
408745	824896	11
417016	774869	11
395274	786698	11
412541	806622	11
412109	735920	11
407023	787385	11
376660	815936	11
396548	784388	11
508535	830710	11
414014	816460	11
440782	782395	11
436951	814456	11
393758	750953	11
418410	795929	11
425991	787029	11
414562	787355	11
408712	803987	11
377858	811790	11
417169	792321	11
460371	780609	11
388873	746909	11
395641	808571	11
386436	791388	11
440667	768761	11
438437	730300	11
370839	727884	11
422917	781112	11
391555	789079	11
402666	814060	11
474368	812039	11
406176	760860	11
463768	793154	11
446307	796523	11
402309	786873	11
413946	786971	11
425053	790566	11
416926	785113	11
424023	737453	11
417447	782955	11
415672	787824	11
416019	787562	11
417515	787648	11
459230	803720	11
447833	819282	11
418199	851439	11
417393	771537	11
441415	780207	11
399634	751940	11
373360	784232	11
419227	779215	11
434717	808225	11
397669	792218	11
412028	773494	11
407504	803363	11
365147	790525	11
459328	805961	11
429472	860855	11
480128	785580	11
344915	702496	11
410969	770451	11
407460	791404	11
420476	750495	11
397747	792207	11
408428	771823	11
397806	749559	11
426040	825049	11
407565	766203	11
414317	828815	11
410610	765111	11
412388	784064	11
406337	750353	11
422419	754048	11
416039	730594	11
414512	793966	11
398478	822297	11
424375	721868	11
403890	792420	11
400902	772920	11
402367	782997	11
472917	830363	11
418621	840463	11
329002	727685	11
418618	811618	11
425356	745471	11
470922	770669	11
400598	790903	11
412851	774986	11
492415	829655	11
400079	749617	11
417673	785965	11
424720	768456	11
386415	801444	11
426689	788562	11
430747	776261	11
405714	781619	11
429220	787348	11
427850	762201	11
434080	785264	11
473514	788780	11
412386	777312	11
430686	844506	11
409142	811927	11
422198	724557	11
392185	713763	11
412677	786951	11
399149	784376	11
382693	749680	11
527515	831478	11
448519	805219	11
430779	770145	11
413556	758080	11
392140	769924	11
416855	794023	11
389713	772742	11
398498	776720	11
473727	807244	11
389410	788256	11
377230	790154	11
415564	784464	11
456799	844976	11
444336	820061	11
404359	783919	11
453154	776082	11
425019	759577	11
415895	775793	11
420083	787815	11
506612	858859	11
436648	859634	11
403522	785432	11
401407	759648	11
403852	792473	11
367398	701756	11
412453	784453	11
382124	786262	11
416884	786845	11
448865	836781	11
383821	808301	11
414249	796590	11
457338	789952	11
396276	785999	11
390282	789593	11
409417	758123	11
397561	815245	11
397137	742547	11
402891	801910	11
385257	791581	11
409628	833942	11
369249	797068	11
460942	779073	11
423146	737571	11
420509	788730	11
422736	790806	11
401492	790336	11
394018	799506	11
385140	796221	11
430243	781020	11
416775	806826	11
425796	795608	11
411488	837715	11
433989	765343	11
415806	783594	11
417023	771194	11
415270	775605	11
391163	811977	11
405350	762342	11
414860	773921	11
371779	814715	11
415631	805010	11
387951	813315	11
472691	802678	11
471930	844046	11
432892	815223	11
366654	802105	11
411721	717873	11
426115	814461	11
375997	806621	11
385561	718324	11
375573	809249	11
437958	784801	11
363857	784086	11
430138	818594	11
435085	791564	11
414036	742189	11
425611	793420	11
439793	740773	11
467107	817914	11
387631	749416	11
430001	765803	11
384225	784381	11
417146	822655	11
427371	819417	11
399587	792459	11
474648	778810	11
345692	788190	11
409515	756149	11
469782	780552	11
468229	827985	11
414951	852935	11
409701	750741	11
442826	795974	11
459556	818479	11
423311	813081	11
476144	772131	11
391976	789416	11
448649	813885	11
496658	816784	11
410336	767856	11
430167	811490	11
357467	797530	11
404220	785798	11
446368	763341	11
439514	758221	11
424145	743433	11
470062	771204	11
421187	779726	11
396617	801039	11
394708	739061	11
394912	755947	11
425950	788228	11
408283	806161	11
419520	778231	11
441950	785934	11
409814	836083	11
395817	788858	11
422776	808328	11
363959	810632	11
422943	804253	11
407626	771304	11
347933	797148	11
457554	795861	11
394274	837428	11
445674	768552	11
416359	786189	11
419485	804779	11
376176	795539	11
349378	805118	11
456566	743012	11
484407	809641	11
403329	717870	11
392795	817694	11
372621	772258	11
461751	817277	11
489182	773934	11
427388	815258	11
418155	819422	11
437035	755506	11
416444	783624	11
777811	751059	4
823974	725025	4
749723	781756	4
875160	698897	4
828194	742074	4
800913	749332	4
831165	783383	4
793019	764859	4
810467	706465	4
803540	754792	4
844662	654835	4
803962	731228	4
823065	733789	4
822156	732296	4
811389	723618	4
779936	774397	4
854769	713941	4
803457	735855	4
790712	745884	4
815652	733433	4
841289	701474	4
832054	751330	4
786032	701427	4
824835	704997	4
832886	781206	4
818063	797960	4
857620	709386	4
828589	652430	4
836727	737798	4
776000	780347	4
824098	714042	4
830583	710990	4
862189	735684	4
815131	704478	4
828478	655405	4
784838	771499	4
880362	706363	4
767482	727417	4
825070	734215	4
813781	738344	4
840863	737972	4
840943	739611	4
828276	762021	4
822883	728314	4
854886	769396	4
829623	732301	4
835428	731189	4
818338	800932	4
823417	701523	4
812152	689907	4
829969	699565	4
861563	661642	4
816955	747629	4
774526	757135	4
803577	712231	4
798056	714380	4
881789	727577	4
858867	700187	4
834996	728517	4
839121	736259	4
841045	738224	4
840100	728839	4
874544	686096	4
862334	747768	4
820253	714625	4
817862	732248	4
844729	682981	4
846484	719360	4
793669	724513	4
821906	732848	4
826465	646980	4
820350	748217	4
814540	707227	4
838223	766380	4
869471	745767	4
816054	733183	4
801177	737548	4
848783	748980	4
814105	723255	4
838036	749612	4
840270	725456	4
789601	714058	4
827169	708345	4
789448	738035	4
835030	668528	4
848151	741869	4
816091	747764	4
801511	761094	4
822670	689090	4
873672	734440	4
808153	737136	4
755829	751858	4
814697	729209	4
832758	707452	4
848264	762550	4
799903	784535	4
802674	727804	4
828147	808738	4
820707	705318	4
824594	741664	4
804474	747122	4
823108	733302	4
839514	728923	4
827711	732798	4
851644	721350	4
816390	711340	4
798007	723995	4
790612	738038	4
821909	728448	4
865754	723314	4
735295	814058	1
877711	703850	4
792990	685472	4
809917	762429	4
789388	712210	4
879221	655497	4
876935	684572	4
819439	735945	4
807929	730950	4
850451	764015	4
811748	766105	4
824765	761114	4
848586	789052	4
812231	739235	4
873532	712802	4
842590	716861	4
832798	734777	4
817640	730018	4
824322	744720	4
777697	798253	4
868493	677155	4
805658	698630	4
840349	790707	4
796953	726378	4
832589	782799	4
817441	709397	4
856029	730586	4
805089	762512	4
854628	773470	4
846090	651306	4
796943	674692	4
827192	785316	4
818209	719382	4
795200	786424	4
817777	724927	4
846512	683647	4
825080	746712	4
824674	806300	4
822616	735941	4
805391	732659	4
823250	732088	4
850376	739749	4
821337	733356	4
796786	724615	4
862425	741010	4
825690	703854	4
800872	672603	4
825395	715780	4
843911	730036	4
820238	732928	4
848570	703697	4
825515	738284	4
820367	732364	4
822025	749214	4
837718	761480	4
871723	685520	4
850904	720163	4
816775	739989	4
822103	732911	4
815455	755486	4
835648	756631	4
868626	737331	4
825997	730652	4
817252	730254	4
877906	722361	4
808440	729985	4
791470	751113	4
841654	764836	4
825429	732758	4
751215	828365	1
804706	788001	4
820194	734233	4
869991	705259	4
809779	663654	4
822078	711840	4
866139	717138	4
829379	718721	4
837582	763266	4
783999	732487	4
800231	732106	4
862569	719773	4
838764	652792	4
849343	713993	4
828297	715480	4
821259	750089	4
874643	729921	4
819058	729125	4
817018	729596	4
797804	715342	4
838515	768484	4
829398	724900	4
754841	796342	4
878690	739021	4
821908	732077	4
786495	759000	4
823987	687499	4
787988	741203	4
839339	726322	4
822425	727248	4
854412	725575	4
788351	737539	4
838587	700545	4
840425	762290	4
817395	734126	4
807913	737341	4
872285	750708	4
788166	702817	4
836225	709204	4
822293	786837	4
888892	702505	4
822623	745025	4
795124	696429	4
832238	725434	4
815593	689874	4
843572	784897	4
833716	758772	4
822474	780882	4
801102	759330	4
841752	731595	4
808779	732990	4
822533	758955	4
817807	715863	4
837977	728814	4
801204	755177	4
819628	810748	4
814732	734183	4
832086	716249	4
876503	659112	4
823856	749355	4
819737	737829	4
818756	743887	4
811971	664520	4
801526	705057	4
827031	734324	4
843891	721571	4
810460	735109	4
782368	759352	4
801172	715857	4
866928	716961	4
829673	730398	4
850888	736810	4
786935	732999	4
769656	721159	4
804925	735492	4
870054	738900	4
818932	728481	4
853692	746285	4
807072	687932	4
750459	800215	4
823959	737866	4
835804	710711	4
790206	747165	4
813092	739043	4
801810	728106	4
825404	733788	4
820947	730529	4
827081	694553	4
822664	720677	4
768565	762193	4
823113	733720	4
821079	800206	4
828531	731300	4
820757	738235	4
781260	737962	4
819438	662327	4
833504	744564	4
789552	731946	4
822843	763117	4
775555	719683	4
865084	713697	4
820455	729132	4
849547	738979	4
762269	792243	4
821464	700760	4
824013	753991	4
803369	698753	4
823589	728083	4
796353	710294	4
820083	728310	4
829133	735488	4
823455	747394	4
818542	740451	4
809623	734937	4
841762	777572	4
802184	751958	4
803874	675499	4
830065	739162	4
824140	729074	4
852730	769968	4
866760	753547	4
811031	703822	4
825414	734466	4
816615	770855	4
786227	765634	4
817269	733788	4
809453	736879	4
757421	774445	4
818251	731938	4
788020	765562	4
823618	734216	4
812295	728049	4
837545	696979	4
797918	694723	4
822224	742716	4
821895	732158	4
797233	713358	4
800258	733812	4
813319	737376	4
860951	162251	2
860387	157731	2
857363	154639	2
863391	126214	2
839094	159543	2
849248	164090	2
875990	133950	2
905936	150106	2
895835	123485	2
818079	108536	2
898976	198452	2
869087	153957	2
849653	143827	2
834293	161575	2
844234	153197	2
835128	212354	2
828179	155649	2
875410	128878	2
850965	156224	2
800816	176612	2
832621	150748	2
876863	176593	2
826192	172906	2
862679	188399	2
839974	154358	2
854338	135067	2
855233	141357	2
850538	160159	2
868442	160118	2
888714	205560	2
864185	161232	2
851280	156049	2
875825	204959	2
840375	155757	2
892340	149050	2
873527	126426	2
836433	200181	2
826499	142732	2
854922	159650	2
883537	210648	2
807420	168787	2
840299	118907	2
834602	213597	2
864053	139325	2
856454	117143	2
857972	160214	2
850046	108829	2
804936	148980	2
864374	150149	2
858587	150101	2
870247	121460	2
855656	162100	2
850176	127908	2
850057	157848	2
828005	145089	2
861994	160156	2
849537	157510	2
867125	168762	2
838142	156770	2
847644	164348	2
856349	158150	2
860606	152843	2
869288	168662	2
838328	185708	2
860986	140320	2
829229	143653	2
866051	172932	2
871556	194747	2
865489	161762	2
851840	110475	2
846256	154064	2
836081	178429	2
859707	202806	2
849938	156042	2
894124	202052	2
864325	170593	2
848108	161786	2
817619	181929	2
858058	196183	2
861242	161722	2
885793	172115	2
850577	157049	2
877125	161227	2
883864	111281	2
891699	170415	2
802394	87835	2
862759	157988	2
824185	167369	2
813124	157130	2
840335	164912	2
858042	178196	2
846257	145306	2
858516	151301	2
851282	153750	2
905005	164126	2
857309	139276	2
845589	192916	2
895245	150977	2
863995	150435	2
862642	159379	2
861631	169376	2
858934	162874	2
912023	160368	2
842824	177832	2
824560	133679	2
842281	175525	2
860845	155375	2
841096	188742	2
821428	153468	2
840357	169437	2
827802	189078	2
844734	164570	2
847812	114745	2
887269	166179	2
830159	134329	2
850925	157811	2
847276	121785	2
870599	149782	2
780153	136449	2
814379	132655	2
834483	173379	2
852423	159874	2
854012	157449	2
883375	158482	2
850219	110573	2
836450	151205	2
881217	172320	2
813239	139752	2
871255	140340	2
789356	159383	2
873690	156226	2
858834	149259	2
778867	140736	2
872057	122354	2
882097	161493	2
787336	144875	2
849751	167033	2
843833	170416	2
850663	157840	2
812240	177846	2
838609	140215	2
850959	157920	2
859703	156782	2
854753	190254	2
895723	126593	2
857833	170565	2
850200	164752	2
845303	150476	2
877422	134877	2
850153	155701	2
819256	201704	2
871689	155981	2
818014	140185	2
815298	167390	2
864088	171351	2
902529	162041	2
908069	146564	2
799326	106384	2
854996	81095	2
843813	182032	2
888504	147016	2
877964	242679	2
851866	156896	2
821361	175823	2
810775	160434	2
843150	156573	2
844088	150085	2
830620	117906	2
835790	127898	2
819541	117296	2
858703	157931	2
857846	153281	2
876408	183646	2
842576	153072	2
848974	199427	2
862925	243856	2
856561	128799	2
834171	189042	2
872516	217570	2
869167	105039	2
819670	183364	2
846575	159002	2
895127	152283	2
830445	186055	2
792179	148539	2
852410	187705	2
853554	158012	2
927170	250593	2
825605	167750	2
846731	162515	2
878170	123364	2
884966	133900	2
866987	154415	2
846284	113820	2
873474	159567	2
878258	158631	2
882306	173836	2
856924	169071	2
794260	129843	2
851568	114049	2
868736	179354	2
925732	210388	2
868375	161990	2
855593	161003	2
849599	157084	2
868317	177001	2
800304	163436	2
823740	169808	2
856202	158811	2
883929	121705	2
851010	157593	2
872506	157517	2
850533	160136	2
816393	185056	2
850911	157772	2
812942	85345	2
835581	147664	2
913298	162009	2
858172	137586	2
872781	154295	2
871597	185239	2
923120	170161	2
837019	215527	2
835702	176502	2
837017	154170	2
859177	143273	2
866851	129505	2
855852	134834	2
924289	171369	2
860154	113364	2
836739	162321	2
850775	162968	2
884750	154317	2
849681	125345	2
854463	159977	2
883567	161769	2
848137	87922	2
823676	152154	2
848135	130674	2
844400	150812	2
864494	136669	2
878157	210496	2
851088	157432	2
786528	104976	2
860106	157080	2
861412	205239	2
820675	168154	2
834036	144156	2
842907	133992	2
846720	162060	2
871544	144135	2
849003	115373	2
856753	145184	2
839757	190518	2
865113	161302	2
846936	161313	2
845802	172285	2
844357	163402	2
881106	105566	2
877835	151890	2
839445	149778	2
866560	165110	2
845798	213118	2
818668	120458	2
831446	182864	2
900955	185733	2
836647	167267	2
874672	104851	2
849126	121710	2
889142	154467	2
855993	225023	2
854095	158510	2
850787	125678	2
859298	139834	2
829216	121494	2
837676	148639	2
851919	127963	2
841353	125628	2
848563	117708	2
893106	176595	2
852503	146551	2
848290	143184	2
825541	151495	2
883231	232031	2
864667	143614	2
805089	96540	2
854909	149938	2
847097	176660	2
910435	171155	2
878749	188759	2
871780	158486	2
841292	155620	2
846011	160034	2
855969	193497	2
860927	110775	2
808069	134402	2
848413	183717	2
791722	162000	2
852104	134678	2
806567	140259	2
847423	161535	2
867993	162841	2
828038	149181	2
849404	170474	2
841967	150890	2
850945	161669	2
888697	143969	2
813868	188928	2
864991	159874	2
881109	152198	2
811694	188374	2
900360	153622	2
885764	151791	2
814553	164190	2
895623	178393	2
829790	205695	2
865170	173755	2
850453	155432	2
864211	216526	2
848770	111076	2
791199	164843	2
834165	140684	2
843905	219401	2
857328	143692	2
838146	159541	2
340693	569371	7
315965	587160	7
405652	622938	7
359831	554975	7
349296	557688	7
289423	559134	7
408689	562521	7
321312	574721	7
286568	547471	7
370259	585265	7
339967	562602	7
410917	614521	7
283570	563726	7
347197	591316	7
342064	570045	7
317331	556086	7
335792	541310	7
330455	568758	7
366794	582584	7
378697	591764	7
339981	565418	7
338342	566864	7
338474	563350	7
432052	613723	7
340064	550509	7
334354	578047	7
296775	572432	7
353335	592567	7
334016	562797	7
328438	532686	7
365927	571713	7
343247	564376	7
325057	581121	7
330881	579058	7
378648	579579	7
339115	566863	7
333299	597586	7
367048	553451	7
345840	561591	7
366934	581294	7
358793	547046	7
393570	579641	7
304399	545221	7
353979	578923	7
337002	589527	7
327738	559624	7
334549	579199	7
297110	556485	7
327403	548875	7
413894	564459	7
326043	553772	7
337811	558454	7
333901	532836	7
340545	568654	7
358483	554925	7
318065	581616	7
367751	578289	7
331667	570387	7
321519	561045	7
299578	572052	7
339632	536577	7
339993	544064	7
268672	508874	7
332960	569308	7
345042	566973	7
352220	602793	7
333934	537464	7
312386	555195	7
334182	558498	7
335328	562880	7
303637	570253	7
353145	580916	7
325118	556212	7
294310	563522	7
371563	547746	7
373894	555347	7
407040	577739	7
337298	565486	7
357813	572855	7
304157	566007	7
335918	566525	7
330127	570072	7
339212	538693	7
357275	551101	7
334785	565575	7
326152	563230	7
345903	561314	7
238748	551038	7
331175	551842	7
352520	566829	7
341675	560197	7
354746	552404	7
412500	594675	7
277027	536847	7
322209	547247	7
375619	553791	7
288068	561932	7
344770	570309	7
284031	566654	7
324442	567881	7
356246	549756	7
404420	577532	7
336829	562228	7
293591	522132	7
342963	582232	7
338860	561151	7
324055	590810	7
328331	541094	7
357737	597104	7
392534	593343	7
298665	568245	7
343376	575709	7
338863	563107	7
361370	552483	7
338935	567577	7
350117	535859	7
371000	555062	7
368617	554066	7
331795	529654	7
344237	573700	7
280110	522025	7
328657	564864	7
452457	597461	7
333669	542228	7
320628	564596	7
316642	553340	7
340712	563178	7
349955	535578	7
261538	525920	7
411008	607342	7
317136	563479	7
297022	574097	7
319927	524637	7
359772	568428	7
344791	578536	7
324093	580491	7
373907	558472	7
321905	573147	7
341721	576427	7
386373	606623	7
338588	543875	7
341578	558672	7
371616	570648	7
331987	568997	7
341329	565571	7
334350	556417	7
330482	571217	7
338950	572545	7
289087	565427	7
343997	585193	7
225786	529417	7
365567	547606	7
320827	519618	7
286990	529505	7
321517	569562	7
388806	569524	7
411796	581307	7
331440	551885	7
325958	573367	7
348171	569251	7
344239	530765	7
419151	577335	7
321309	569996	7
386377	574187	7
342099	561508	7
366688	562413	7
321657	538660	7
403004	613466	7
363304	553764	7
384922	582877	7
304556	568584	7
336787	538925	7
327998	571265	7
303269	531608	7
313649	523765	7
337889	558031	7
360165	553303	7
340032	561740	7
338634	564414	7
351459	565704	7
412767	593558	7
283474	532727	7
336928	557412	7
366478	594677	7
343450	570659	7
331616	565089	7
354529	573677	7
276703	559740	7
282066	560178	7
331366	567311	7
321910	573825	7
290107	571927	7
281979	518199	7
374695	563163	7
340191	567638	7
338583	563529	7
358312	559466	7
338474	564151	7
338205	566246	7
342901	582886	7
265815	540385	7
304086	576100	7
347966	563506	7
346144	560472	7
352381	592377	7
318681	528806	7
369366	561201	7
310041	533285	7
344314	595915	7
363956	609339	7
328586	551385	7
330767	552963	7
312558	520650	7
315850	573154	7
379388	567285	7
329905	579935	7
352209	548608	7
357679	548036	7
339288	588052	7
330335	568221	7
341559	562163	7
341925	569393	7
327695	543105	7
335999	549795	7
302359	534317	7
332586	566187	7
330750	561657	7
400380	588221	7
337910	562252	7
336549	565597	7
343717	559909	7
332116	594868	7
358384	556361	7
415881	584352	7
345164	579614	7
316395	537403	7
340970	564831	7
340383	600071	7
326627	534442	7
356865	545785	7
306298	551902	7
347575	565576	7
302583	571881	7
352424	557574	7
279008	521035	7
335029	553213	7
338753	563384	7
324032	577807	7
327973	534972	7
321924	527106	7
345495	579864	7
385091	599401	7
361138	551307	7
332884	533990	7
269126	508814	7
350056	566657	7
374117	546122	7
350283	559840	7
335525	567445	7
350798	535657	7
289002	520678	7
324516	522674	7
364844	571623	7
351815	574947	7
275524	559548	7
348773	583528	7
308966	523409	7
316313	570785	7
341966	561987	7
341446	538787	7
318823	565345	7
347522	587567	7
293746	544468	7
334983	572690	7
325125	564342	7
330145	546705	7
336336	563145	7
302353	545544	7
321216	569834	7
285152	520229	7
335027	565050	7
332270	556288	7
341016	545280	7
339640	561426	7
338633	563504	7
324952	565867	7
353583	554147	7
385183	556284	7
292636	520371	7
289176	571435	7
310944	559497	7
336974	563207	7
337173	557853	7
396903	591235	7
324440	567074	7
333378	557892	7
300366	565761	7
344437	529492	7
325871	558965	7
367641	556309	7
344552	554676	7
297212	546223	7
355924	577596	7
331340	524203	7
292932	558293	7
306346	523584	7
341966	586266	7
282430	560217	7
326251	549298	7
335201	585318	7
351564	573155	7
322365	530808	7
405542	600089	7
296763	528676	7
221233	538472	7
338084	560295	7
345674	579033	7
325883	560492	7
345123	577788	7
329859	564384	7
353939	570931	7
409616	575024	7
365058	545456	7
404782	557913	7
368724	598412	7
344096	575522	7
182618	346663	3
171461	348130	3
186536	330019	3
177241	292639	3
248683	383412	3
174057	358906	3
215243	289985	3
170688	343596	3
144502	345417	3
165689	356983	3
168443	367928	3
165158	343946	3
159711	352701	3
175781	341039	3
233480	289069	3
189029	366740	3
168573	350387	3
170271	306395	3
192775	350028	3
152054	345632	3
139299	314046	3
202053	322650	3
134695	350397	3
159654	381778	3
188093	324040	3
183236	338163	3
156984	430950	3
182751	435819	3
198908	372797	3
198517	325721	3
161345	350804	3
210497	359835	3
141993	331189	3
170788	373545	3
166449	363036	3
155479	345893	3
186380	363938	3
129332	360811	3
224225	376975	3
165945	345849	3
223550	323197	3
122755	434879	3
166584	349245	3
179472	342273	3
148749	359845	3
177505	332053	3
160222	380591	3
178869	370161	3
170002	370000	3
164354	347671	3
169966	368623	3
145867	363616	3
181561	358111	3
164915	350360	3
166973	341636	3
153181	277968	3
155505	355581	3
160835	347784	3
211265	396792	3
203254	362605	3
137967	354539	3
174064	357989	3
179609	408365	3
176506	351827	3
172879	347028	3
180506	330980	3
185966	359964	3
146070	316860	3
152957	321354	3
163190	331719	3
186914	361706	3
159191	309314	3
170425	316185	3
162040	316797	3
195000	354829	3
126702	351222	3
213064	290947	3
140612	350010	3
172885	352621	3
170155	343568	3
186806	334070	3
146072	288800	3
169293	348686	3
169502	411323	3
152861	407965	3
156041	295117	3
117585	391892	3
163981	344090	3
158664	310765	3
141113	351050	3
163796	345091	3
160369	353500	3
235671	300234	3
140876	334435	3
108232	373112	3
192460	388323	3
133744	308918	3
216209	437830	3
156945	339397	3
199859	316334	3
159496	331641	3
167845	341409	3
182435	365508	3
133795	360518	3
169628	365003	3
167262	399527	3
177728	352687	3
130683	363204	3
198197	344933	3
197735	355477	3
172020	342883	3
185561	342784	3
202011	337353	3
157394	346500	3
182050	424341	3
129664	341196	3
173188	355248	3
182499	310438	3
170384	339979	3
182093	321311	3
185696	338006	3
102221	374657	3
165881	364469	3
164875	349007	3
159120	340829	3
168274	374689	3
178495	373915	3
179811	342089	3
162606	363185	3
173908	362098	3
133580	348602	3
190634	357254	3
186503	369651	3
127134	379827	3
169145	355279	3
140121	346875	3
141860	324304	3
200251	306215	3
174373	363552	3
170022	347877	3
165657	338722	3
186361	351075	3
213022	338238	3
155228	357729	3
171614	435530	3
175586	365049	3
187858	381077	3
171074	293610	3
153738	360530	3
199043	270173	3
165886	348709	3
159428	300364	3
197463	378513	3
161273	347538	3
186082	330058	3
143732	279724	3
142899	329415	3
156977	424622	3
174878	362329	3
148915	338914	3
187324	377187	3
175766	380534	3
185071	362905	3
158550	354818	3
174672	345849	3
169880	343122	3
109090	326101	3
187854	354777	3
153903	353738	3
190241	329582	3
102983	382712	3
143117	345163	3
188985	367645	3
174834	411644	3
144228	344974	3
146821	297434	3
171848	343242	3
94382	320888	3
154412	310120	3
176490	344679	3
170616	352610	3
81648	360080	3
153607	379395	3
183970	355973	3
105444	361358	3
158571	361986	3
177579	319865	3
198892	322470	3
216975	296647	3
166654	350678	3
189102	333074	3
198712	303299	3
137098	384889	3
144306	328086	3
142455	343512	3
178319	318244	3
168886	353913	3
174656	393278	3
130805	354417	3
176433	350561	3
142252	329183	3
165476	377389	3
210102	333312	3
129453	321221	3
144705	375936	3
206687	342276	3
153583	352282	3
189499	356601	3
159392	351000	3
181463	326571	3
162975	335389	3
157691	334886	3
154167	353183	3
165607	362883	3
182239	333302	3
176982	354631	3
183516	374212	3
191099	341570	3
184570	360446	3
207804	354938	3
198493	326704	3
149269	341445	3
184798	392233	3
174438	319075	3
107124	325984	3
76052	360840	3
159302	337993	3
140101	341028	3
168149	345638	3
150009	371014	3
157193	350343	3
111476	358647	3
151164	332239	3
171318	373473	3
175169	349454	3
162600	392531	3
168067	340249	3
170102	323164	3
124132	340448	3
149863	284721	3
168079	347343	3
128953	304971	3
169228	364545	3
198415	321418	3
183610	321788	3
220869	407358	3
159472	372246	3
170837	353968	3
165653	317602	3
135537	356169	3
166973	334724	3
158750	312102	3
161448	373412	3
158713	379013	3
180493	319750	3
125715	302114	3
194033	340466	3
158871	312380	3
161387	343617	3
169121	347594	3
167653	352074	3
125902	318850	3
217686	296514	3
171986	429306	3
211360	279794	3
157181	346842	3
188909	341194	3
140128	325904	3
117874	389929	3
162921	317643	3
173978	346514	3
98533	355691	3
194956	372256	3
164847	287064	3
174410	372064	3
149092	352682	3
166323	352927	3
178515	370287	3
169337	348605	3
122986	334382	3
145282	391482	3
185919	363092	3
180519	368284	3
181227	347052	3
168284	309036	3
198251	335402	3
160922	347681	3
141861	328909	3
147911	328024	3
178264	330827	3
178235	346006	3
195151	317753	3
122360	357480	3
167330	332452	3
115363	305575	3
185661	404482	3
177858	352255	3
113068	317574	3
125675	360158	3
172842	351663	3
124724	459999	3
169069	348929	3
185253	344152	3
155625	262321	3
158201	315944	3
171277	361020	3
209553	326461	3
160165	362858	3
190725	336160	3
169994	409806	3
179463	361279	3
172662	388185	3
165284	425978	3
160206	303063	3
155690	368375	3
124516	325289	3
179326	321160	3
165573	305517	3
155508	372355	3
166799	318482	3
161780	324523	3
168805	351913	3
206519	355629	3
163091	350167	3
176144	353300	3
179483	359645	3
213951	352868	3
164046	346109	3
169569	346955	3
225356	318394	3
214966	358837	3
159253	343477	3
219779	330969	3
169876	340860	3
669118	354195	9
613682	399434	9
617399	392653	9
629247	364078	9
641070	424917	9
609532	388425	9
629369	398359	9
605911	379990	9
622550	391601	9
607905	403460	9
679465	399014	9
608711	373665	9
623498	399288	9
601212	370698	9
574989	407228	9
563517	391159	9
687717	379483	9
616040	330855	9
653024	367312	9
607440	403119	9
620240	397022	9
599215	391457	9
587478	424878	9
613921	394043	9
624328	392133	9
635887	384511	9
559877	401053	9
617755	401065	9
693265	388552	9
559933	403956	9
655859	416496	9
625919	402984	9
595215	391491	9
617493	379303	9
598657	442558	9
601644	436831	9
617118	374098	9
591051	389443	9
617296	386864	9
616468	394118	9
630384	376295	9
558770	390646	9
637332	414017	9
556780	409205	9
577473	384210	9
650054	432740	9
595063	328609	9
714443	433876	9
603566	410391	9
562356	383175	9
546166	423311	9
626539	394908	9
663820	416308	9
710910	464586	9
624310	398408	9
632546	389750	9
667249	417107	9
608309	377530	9
611357	393577	9
658219	436184	9
615032	402225	9
628131	406850	9
632390	363198	9
575116	345564	9
625784	441883	9
618893	419740	9
579564	428498	9
686324	364237	9
586242	396484	9
623248	399928	9
609219	362804	9
537211	376777	9
605310	394011	9
634973	450542	9
595411	413706	9
613037	419086	9
617444	397675	9
633304	366062	9
592620	446156	9
631633	337973	9
619637	395224	9
620330	398630	9
621964	409409	9
618446	372298	9
629789	426313	9
608687	374928	9
680646	375662	9
591831	438997	9
550086	442382	9
620330	396776	9
551236	401856	9
617178	414525	9
584938	344365	9
622636	456843	9
649987	408293	9
613719	382828	9
576987	392508	9
599766	409755	9
584077	398498	9
695514	321521	9
561388	355834	9
691600	397893	9
610676	449688	9
600114	413216	9
626811	372435	9
636291	360636	9
570384	393553	9
626700	401688	9
624106	398619	9
523329	404632	9
611954	360938	9
613536	395801	9
576488	397913	9
652745	406585	9
603193	371867	9
610026	444858	9
629725	405117	9
648429	422590	9
562772	382904	9
638823	411764	9
617764	397102	9
579922	379009	9
610698	396326	9
642607	374702	9
621629	397208	9
659321	404555	9
576235	462612	9
598628	425191	9
623502	420376	9
665965	449273	9
608923	385575	9
611579	407670	9
617573	386848	9
589862	418742	9
653325	396810	9
605073	372055	9
623137	408209	9
499262	398424	9
619339	401624	9
619295	397643	9
578878	420108	9
533577	355107	9
615934	426539	9
690195	475150	9
673514	390760	9
657120	386782	9
549945	372313	9
675858	410545	9
626586	415166	9
618449	404599	9
638783	399478	9
578113	395458	9
622557	361134	9
635324	420555	9
666135	430421	9
689725	465685	9
593601	445149	9
615094	383077	9
624599	417673	9
573969	434110	9
642881	403147	9
634383	422065	9
582389	428200	9
617330	369828	9
621989	394856	9
651828	468138	9
612936	398723	9
613351	407952	9
562777	437516	9
533212	366954	9
618113	400002	9
609344	448128	9
615342	413931	9
623989	368662	9
620187	400168	9
687638	439257	9
573925	449341	9
547270	403384	9
619318	361696	9
588432	446279	9
592924	393730	9
615325	383841	9
611875	422910	9
681941	370225	9
620818	396967	9
662154	385013	9
554938	347875	9
628655	321099	9
619628	399433	9
660333	393215	9
618391	348381	9
565829	395454	9
617689	397001	9
604554	393193	9
572417	403906	9
659193	384523	9
632060	367800	9
633894	404424	9
620610	395343	9
615175	397627	9
624293	333944	9
593689	316888	9
617319	374666	9
572244	349463	9
619239	400025	9
621622	390298	9
622101	371771	9
630205	338054	9
654147	407182	9
637594	420311	9
629004	392271	9
585207	336451	9
618349	397614	9
650157	402991	9
638966	486628	9
655201	411873	9
602335	433298	9
630706	388370	9
617428	397343	9
621537	390372	9
631365	450732	9
618406	404239	9
601390	453925	9
603945	361794	9
619427	396945	9
660103	414557	9
700340	335010	9
608182	416637	9
661166	404325	9
620939	385731	9
626371	349696	9
614683	367259	9
619332	401992	9
587453	401098	9
652349	321291	9
617954	395504	9
636807	424537	9
533889	333741	9
623386	387031	9
632952	385722	9
695010	449565	9
626843	367696	9
488205	420586	9
611547	411952	9
621241	368090	9
581240	362971	9
608747	363132	9
662177	420431	9
615665	405490	9
617447	366176	9
560393	389490	9
685785	409913	9
623433	400160	9
609091	437020	9
624343	403629	9
668879	388617	9
567105	437623	9
657450	365008	9
591955	378142	9
588952	437524	9
607665	447516	9
608601	418450	9
662830	420955	9
605891	428146	9
615239	317684	9
588933	366439	9
618053	357534	9
577773	434308	9
606558	458285	9
620955	389692	9
738190	371970	9
634661	446187	9
571692	449353	9
605650	447537	9
639502	371440	9
684568	380640	9
658735	399039	9
618157	384990	9
618869	398187	9
603388	403039	9
585255	415823	9
639507	438534	9
594112	399331	9
619475	400592	9
571570	375257	9
659297	373975	9
603285	449307	9
610199	394579	9
590500	418472	9
630904	404643	9
591725	406549	9
621560	397789	9
563182	367521	9
593879	444161	9
616054	371666	9
627679	395601	9
608195	447380	9
616737	397973	9
650120	324477	9
616926	398697	9
650859	460072	9
642157	345545	9
601369	411415	9
604703	392288	9
721905	378957	9
619415	397644	9
571043	347389	9
659191	459637	9
629978	400626	9
688487	383589	9
598053	438963	9
635242	356290	9
605899	412428	9
656642	407213	9
619924	406713	9
630067	372798	9
600007	377908	9
589164	386733	9
630491	379017	9
618676	377015	9
639613	388524	9
669409	415893	9
681608	436537	9
649968	371445	9
629000	417990	9
658884	390135	9
605407	427914	9
629891	414975	9
621778	364695	9
610722	418243	9
601599	388540	9
615649	429323	9
627206	402647	9
643965	366316	9
614877	402442	9
606486	420054	9
668482	358452	9
628715	434772	9
196462	887983	10
335970	846828	10
272394	837600	10
211165	825505	10
226433	837646	10
219686	859997	10
242087	844255	10
213558	873714	10
245144	845719	10
247997	878582	10
283576	809069	10
224676	859348	10
298214	820903	10
245468	859425	10
222704	824909	10
250921	819639	10
249209	801933	10
230591	874855	10
234091	876039	10
286769	862152	10
224789	866804	10
245023	849247	10
263626	851699	10
250198	825417	10
231263	863308	10
307605	840195	10
276635	875623	10
230399	842538	10
274070	798617	10
247939	831010	10
209922	850026	10
300726	862728	10
222727	770963	10
239505	885057	10
291561	845450	10
221122	832810	10
194258	914691	10
228928	855040	10
264627	808661	10
225916	843329	10
240221	843932	10
276600	823311	10
204854	810013	10
278326	829095	10
246047	846189	10
251032	876118	10
285258	848668	10
260943	889692	10
245928	867228	10
221002	870506	10
292872	896822	10
261896	897475	10
269723	849664	10
243941	843256	10
249370	872804	10
237120	856814	10
257472	849587	10
253703	834676	10
238080	830689	10
225991	869734	10
231781	799444	10
296892	901182	10
234604	822462	10
241473	860854	10
219864	842635	10
235901	856563	10
207217	878249	10
256949	820470	10
204597	863162	10
325275	866433	10
239344	814789	10
187894	871219	10
259973	862559	10
189752	865463	10
245707	844466	10
188480	870646	10
305915	854818	10
242443	851797	10
227138	824372	10
229970	878786	10
281971	825246	10
241166	845204	10
225846	874086	10
284077	905181	10
258975	837353	10
241972	840749	10
245602	857160	10
227363	836593	10
257926	936947	10
237689	839510	10
267799	847911	10
207552	772091	10
201567	881003	10
265125	820661	10
273165	852766	10
290210	818593	10
256487	868899	10
271395	862063	10
251958	886571	10
249253	856047	10
268289	878265	10
295375	861990	10
256316	818886	10
246470	842932	10
314666	849163	10
298979	774144	10
192885	887667	10
227819	900986	10
250003	859517	10
249857	844975	10
218369	851387	10
252586	806474	10
283017	850861	10
228095	843338	10
266980	825990	10
241381	844402	10
294053	878220	10
253339	750941	10
241413	845029	10
294326	807584	10
257856	846423	10
248210	886338	10
216846	737568	10
244743	830888	10
277055	860813	10
279923	805957	10
235041	823732	10
238524	842928	10
246453	883061	10
260590	827955	10
274554	845338	10
245254	907991	10
299821	866288	10
261120	804153	10
246729	879602	10
240308	844341	10
220620	819091	10
268926	813783	10
234219	845270	10
188424	849785	10
240171	843940	10
163766	859386	10
191257	802651	10
224852	934148	10
261093	844962	10
228711	848090	10
183478	851724	10
201080	823689	10
118590	857150	10
264798	767716	10
313609	860065	10
232246	844226	10
237757	834092	10
222682	806314	10
243331	844022	10
197362	870337	10
229857	843917	10
244257	776516	10
224083	852922	10
309399	838744	10
271205	817620	10
242247	864253	10
235337	831592	10
232357	810798	10
252199	828023	10
267049	950249	10
245678	821691	10
241138	844374	10
246182	840370	10
264175	824349	10
266977	887963	10
274685	883097	10
244260	847060	10
256073	917590	10
258416	835432	10
241687	844256	10
282603	846165	10
228032	893055	10
226949	889283	10
264274	813041	10
139601	914203	10
229131	842806	10
236274	861302	10
261819	863523	10
200005	825237	10
310591	841778	10
244049	817710	10
235022	911236	10
256512	837094	10
236495	861569	10
256889	880721	10
258528	856273	10
233284	860085	10
257480	849037	10
269354	811847	10
222445	891438	10
222356	840843	10
236207	886769	10
174371	864697	10
159683	838958	10
237750	837381	10
241545	838673	10
256082	831969	10
246468	838071	10
205919	844377	10
266111	813259	10
244246	847589	10
244899	812192	10
219316	898830	10
251866	864044	10
238308	790723	10
209264	836661	10
242519	845811	10
351883	890475	10
278929	842054	10
244027	850132	10
248570	843156	10
224681	858432	10
210276	824826	10
220884	916718	10
240846	841609	10
257093	801567	10
236749	813868	10
332237	911313	10
288954	846991	10
238084	844799	10
236431	844100	10
299772	828655	10
241633	846949	10
230107	858332	10
256216	903741	10
258135	880184	10
232331	872896	10
183583	787453	10
264293	890923	10
213208	833959	10
224288	931476	10
261622	869706	10
297183	841456	10
241849	815141	10
308616	811021	10
220931	876605	10
289719	866638	10
233931	838374	10
224694	848663	10
240645	855514	10
229567	855332	10
247613	815836	10
239387	847822	10
257788	880587	10
245532	846331	10
224241	828996	10
227582	856861	10
244618	845420	10
213775	841758	10
243511	830743	10
244799	841688	10
216061	848623	10
294492	832336	10
248931	844960	10
267478	894783	10
228715	837572	10
269483	848608	10
248276	844455	10
236987	881080	10
223732	826580	10
230149	886583	10
265299	859533	10
181803	799487	10
247210	859012	10
261633	773355	10
262370	891499	10
250394	847577	10
222019	839774	10
238328	770068	10
208941	860169	10
238714	858826	10
241005	825301	10
270742	847836	10
238492	833394	10
312726	853829	10
286663	846902	10
261796	819395	10
253890	807676	10
242415	844335	10
134134	842630	10
163956	833732	10
250359	849451	10
295357	842293	10
218942	848326	10
205466	778884	10
253899	862843	10
244966	841126	10
208494	850615	10
221126	837878	10
271093	861412	10
216543	842952	10
255185	825960	10
251070	877802	10
264565	859237	10
228611	836717	10
228517	837056	10
198583	860431	10
215976	836025	10
254411	848090	10
168036	807011	10
292194	906490	10
243951	865415	10
260922	785987	10
245740	814541	10
317675	838127	10
274505	864723	10
230049	865536	10
235084	818866	10
172690	847721	10
221706	875060	10
236740	853169	10
298800	824277	10
265246	889333	10
219498	851932	10
247484	846372	10
288675	919879	10
229280	813483	10
282622	879222	10
307300	836132	10
238260	882489	10
219049	825171	10
219321	848396	10
240028	849354	10
212009	864463	10
246857	852483	10
245118	811283	10
247855	794626	10
253655	821946	10
241475	850889	10
210162	860529	10
204922	854068	10
225567	853078	10
245258	799882	10
257134	845851	10
187314	815820	10
294275	174786	5
329428	66056	5
325938	164475	5
253129	154296	5
319838	170383	5
240213	118409	5
283784	178305	5
376613	159699	5
338717	181582	5
304283	183656	5
314519	146787	5
270899	175377	5
291228	101272	5
291170	110147	5
321522	163852	5
202627	179376	5
307913	91419	5
311093	169734	5
321775	164846	5
294832	124284	5
295537	91032	5
383044	180418	5
338570	192256	5
337894	175289	5
359796	165920	5
316263	163806	5
320972	170417	5
277860	111893	5
367806	123963	5
359352	162962	5
350964	149159	5
332201	181702	5
287966	150135	5
346942	152780	5
232784	169847	5
292492	99170	5
334529	166765	5
363208	238649	5
196795	190277	5
353333	113156	5
373191	88470	5
333789	151168	5
339732	163158	5
321822	187102	5
276792	141848	5
308044	164482	5
311328	159477	5
383052	89061	5
316820	150304	5
314479	178821	5
310824	144943	5
333143	200298	5
300672	175844	5
339482	151261	5
319208	164182	5
321645	164662	5
308763	166511	5
308066	145825	5
360143	155270	5
348893	195430	5
319283	158983	5
332284	194186	5
292402	184441	5
361227	221878	5
313573	109221	5
310693	154278	5
344482	215846	5
358652	186358	5
330533	214555	5
320400	160020	5
267662	127175	5
396583	82842	5
292193	125417	5
324121	96346	5
321344	166633	5
234837	151054	5
368060	76739	5
347050	150472	5
245783	109229	5
400550	144359	5
343217	153037	5
315488	160339	5
347406	155708	5
336845	172750	5
357014	148222	5
331862	169092	5
322140	165212	5
363075	162238	5
318738	182134	5
346717	178180	5
311819	140674	5
332032	157725	5
301983	173386	5
321556	163352	5
315830	102777	5
312275	145173	5
325861	203058	5
360703	150999	5
345976	148333	5
320210	191459	5
318665	158107	5
425563	163524	5
264427	188193	5
348177	179526	5
265430	151883	5
320718	158610	5
380609	185976	5
345234	188822	5
362027	150348	5
300294	178772	5
315963	174031	5
333787	189423	5
337343	156614	5
334812	137431	5
347492	153416	5
324518	167369	5
353991	193997	5
274321	219665	5
335476	183897	5
300021	159185	5
384591	137729	5
320000	162605	5
268938	211870	5
366146	196571	5
356280	185198	5
325767	164095	5
350480	214608	5
314791	163370	5
302582	134124	5
328851	147002	5
347039	195468	5
289531	145743	5
343018	239960	5
271123	163465	5
326959	154655	5
332307	189590	5
310529	141617	5
380281	205779	5
411606	137378	5
348191	165419	5
305292	175260	5
256120	141529	5
390934	170420	5
358562	112650	5
355499	224982	5
363437	77975	5
232043	177614	5
246753	175170	5
327204	152871	5
371685	151612	5
291723	177824	5
324488	180658	5
340048	131847	5
295311	115000	5
239495	163949	5
267521	119941	5
401396	125431	5
260930	184935	5
336085	170252	5
291782	159562	5
307616	207295	5
352910	145624	5
294653	104623	5
372883	222824	5
318707	160697	5
281548	175184	5
307747	128551	5
336991	217448	5
270233	195701	5
433100	134861	14
311433	134432	5
375353	117180	5
315146	160782	5
311163	166821	5
305333	171939	5
332470	161202	5
302266	185591	5
370775	144355	5
314552	151035	5
343145	172236	5
331212	162496	5
299460	144708	5
383894	179880	5
345703	149860	5
331381	162660	5
344364	213940	5
378347	144880	5
322789	137560	5
328425	159826	5
341137	78287	5
317771	154916	5
336266	148507	5
342066	119083	5
297177	88467	5
280519	165350	5
305901	166656	5
284757	175853	5
281732	221764	5
321262	178491	5
344710	213543	5
311408	168232	5
356500	188114	5
304376	222294	5
278116	185472	5
247892	115217	5
306326	164202	5
311516	94189	5
323747	163351	5
321778	158339	5
309501	166931	5
333942	143344	5
339393	209145	5
340996	170964	5
315333	144566	5
332853	168141	5
290958	168323	5
297731	175876	5
280274	182662	5
306540	193434	5
319155	159850	5
355168	114823	5
270201	236813	5
347630	120931	5
446538	180119	5
371052	147369	5
403365	215735	5
258201	153095	5
335121	214149	5
283786	133973	5
353951	133923	5
345069	165968	5
367079	183232	5
363932	228249	5
354132	161850	5
390538	157197	5
333805	148479	5
325344	159885	5
323905	168029	5
274495	182470	5
309684	150076	5
381617	157000	5
322841	169735	5
359520	132845	5
249616	144446	5
321620	169950	5
415495	116126	5
335742	196692	5
271424	251323	5
340066	152500	5
327734	163585	5
346079	220993	5
276741	143844	5
377042	182019	5
400055	131725	5
332246	172932	5
310386	171068	5
327569	158418	5
324444	166910	5
317217	163896	5
270404	183080	5
277512	151920	5
324966	170021	5
306421	145493	5
382419	110392	5
318266	171979	5
321245	141627	5
318192	170844	5
320821	165455	5
329029	204399	5
311065	219934	5
287127	192494	5
283571	109326	5
308748	199866	5
369490	164369	5
270729	67329	5
279010	181792	5
282957	179982	5
308489	145929	5
327927	168535	5
327022	161396	5
376557	109320	5
248427	146381	5
321182	150806	5
312337	154488	5
268518	181514	5
285865	167818	5
279251	184486	5
306042	66361	5
318215	180010	5
293978	197091	5
338044	233264	5
293864	241877	5
344380	183817	5
316257	171544	5
248779	111087	5
313783	177198	5
415534	110526	5
296164	96874	5
315670	160928	5
339137	160334	5
290700	196285	5
307107	174760	5
325279	168587	5
328423	161604	5
333883	276840	5
308555	134011	5
322101	164171	5
306357	123397	5
292931	125341	5
284378	223470	5
335003	151395	5
267212	158699	5
343851	193618	5
296627	93375	5
334980	143900	5
335235	180161	5
360945	167952	5
257841	193878	5
275288	212315	5
331798	143962	5
333937	51121	5
328775	156501	5
319829	168353	5
293201	192871	5
327608	177638	5
332562	174699	5
348815	150017	5
312227	159417	5
324337	162686	5
323329	93955	5
291973	127483	5
258779	106777	5
325360	134919	5
267264	153034	5
312421	170617	5
293350	175997	5
275459	190178	5
244344	185382	5
252845	181181	5
357923	192120	5
382720	263255	5
326040	156509	5
165104	543395	13
139903	592241	13
132705	557674	13
114311	601605	13
102460	533057	13
185935	554627	13
123441	594415	13
97216	564094	13
110948	539533	13
101553	517715	13
133023	574572	13
144570	573936	13
136531	557658	13
173576	507309	13
179189	536028	13
141238	557986	13
156430	615117	13
69169	631490	13
31842	565765	13
144620	575370	13
155899	561715	13
137451	555339	13
68388	574380	13
166290	521714	13
210499	526471	13
148319	584541	13
135336	552552	13
136606	562296	13
136301	569544	13
119386	620549	13
139212	557713	13
84501	604671	13
176602	574552	13
105945	528795	13
140989	537156	13
138449	555969	13
128669	574591	13
95749	602775	13
139460	557260	13
130440	562623	13
147885	527813	13
58190	608304	13
151701	574146	13
148385	538149	13
142668	544976	13
145251	553486	13
142265	546135	13
202913	525966	13
192564	547558	13
179240	577011	13
182840	584262	13
144242	557674	13
135849	550612	13
101427	615890	13
143265	548387	13
112379	547679	13
137347	622867	13
139146	569516	13
125756	579609	13
77109	512651	13
138073	556272	13
202547	601240	13
19835	570290	13
118137	579149	13
201324	574588	13
113259	568684	13
139052	610320	13
177246	571940	13
107972	601191	13
138199	541774	13
220156	589643	13
137787	566189	13
138122	557230	13
93136	613387	13
154620	576738	13
131523	568207	13
136967	565662	13
142886	556511	13
125005	540340	13
138965	558201	13
139474	569485	13
171471	576787	13
157138	565993	13
198294	552987	13
136078	547418	13
140164	531093	13
156003	502860	13
67867	545392	13
133780	533275	13
116142	550919	13
148510	579793	13
179224	584189	13
149906	546909	13
29760	557873	13
115287	602637	13
206561	574789	13
108651	521409	13
115905	560139	13
127373	549518	13
141699	530028	13
141641	557376	13
111855	531542	13
136580	553967	13
137516	556818	13
179793	483378	13
105568	584102	13
125840	520239	13
117212	565692	13
140717	554093	13
139033	593287	13
172882	571145	13
104862	608089	13
158366	537970	13
138525	534268	13
69565	599820	13
94571	528963	13
153185	562792	13
147599	513563	13
223226	546198	13
143879	536650	13
151099	518008	13
109317	531425	13
127202	525948	13
137740	618961	13
138734	557713	13
109912	565003	13
158060	525533	13
260096	530550	13
134449	557556	13
121650	599844	13
188992	563992	13
207218	589497	13
179830	547383	13
152331	529689	13
112184	530469	13
166904	503121	13
183026	545377	13
152658	569277	13
172116	513383	13
95899	530846	13
144325	538991	13
166597	572855	13
105193	596017	13
166840	562425	13
117089	561455	13
141718	549576	13
117959	536156	13
125351	529954	13
140706	547367	13
138012	558263	13
135284	555664	13
142663	556520	13
112673	516997	13
137657	611252	13
119237	591137	13
186380	487625	13
113099	546732	13
176278	550602	13
158773	588778	13
140962	518168	13
144856	551807	13
155943	576199	13
152584	564548	13
165356	570715	13
127858	609681	13
257984	555707	7
149758	564768	13
129550	560106	13
159271	568953	13
151374	538387	13
129030	588495	13
155430	549012	13
172756	612694	13
93459	514032	13
99569	523174	13
148080	544056	13
169322	577938	13
173847	514665	13
136418	562926	13
140047	540043	13
74519	527539	13
146681	562995	13
110877	562558	13
95071	503965	13
136232	576477	13
146120	576624	13
259173	548593	13
107965	535173	13
103153	601002	13
158283	570550	13
206219	604081	13
116492	509399	13
97430	598804	13
193275	538687	13
116860	550810	13
179834	541387	13
143226	522375	13
111174	539350	13
94933	588147	13
139434	557410	13
131532	536658	13
38179	532155	13
113321	606322	13
123905	508486	13
201753	569116	13
206660	575002	13
138884	529162	13
139636	565984	13
110479	594587	13
76253	529394	13
160280	493497	13
161475	587507	13
149054	556986	13
223408	520131	13
158596	562634	13
141991	539522	13
137172	523482	13
161154	538355	13
130157	581286	13
142000	554964	13
86243	559135	13
130883	557824	13
127964	538935	13
122130	568886	13
210597	589836	13
139847	552015	13
147664	559632	13
167716	562762	13
130657	555545	13
165382	518876	13
221994	575146	13
87236	607429	13
154268	542573	13
197367	535989	13
133094	557996	13
155274	552551	13
139911	561185	13
146924	565933	13
146183	622188	13
176092	531921	13
184402	546549	13
139641	557503	13
170816	547069	13
156474	570384	13
146678	558942	13
136569	532130	13
162124	500069	13
127503	623654	13
182854	534283	13
141222	572556	13
177665	557923	13
201907	516078	13
130249	579307	13
166560	559687	13
138220	560056	13
134725	537440	13
127940	590467	13
143592	606949	13
64979	538104	13
94061	576129	13
79285	554817	13
103192	550021	13
198823	538624	13
145758	562414	13
211584	591058	13
139451	549580	13
220224	592068	13
150404	539885	13
142767	538646	13
143912	595772	13
184412	537050	13
55359	623076	13
137197	556522	13
138461	558771	13
80673	566893	13
203667	577260	13
94249	600812	13
145244	561042	13
94458	533883	13
130201	562734	13
98675	580608	13
134422	544300	13
141771	551655	13
141924	558399	13
137316	562151	13
143363	551365	13
197849	575524	13
134261	519275	13
129997	568115	13
170494	560892	13
164453	544085	13
128788	546091	13
88703	577217	13
131109	568012	13
95074	570002	13
232047	522748	13
125548	552424	13
142563	560090	13
118391	553625	13
132497	593125	13
162713	586568	13
122296	566921	13
56907	586609	13
48143	523870	13
104489	542515	13
130582	565948	13
180633	570302	13
241485	523039	7
178005	594957	13
211266	534538	13
137680	555667	13
144401	565666	13
101722	535117	13
115781	594942	13
107160	530936	13
139978	587153	13
179931	536588	13
105353	589239	13
119496	543146	13
142575	517378	13
76661	531044	13
137699	556769	13
154964	554923	13
142516	559062	13
98525	579761	13
163925	576666	13
153326	558408	13
262846	559590	13
102898	592834	13
138349	554238	13
193502	557364	13
202175	495076	13
154162	536416	13
77875	516899	13
163477	561507	13
131874	552586	13
120357	560737	13
119535	551857	13
114108	540537	13
136059	558213	13
121786	564225	13
233105	591646	13
149760	577278	13
139237	548782	13
34795	606311	13
147663	555514	13
108512	525986	13
509279	180548	14
495165	163113	14
474652	193224	14
507786	199578	14
566666	195255	14
506012	178372	14
541435	206637	14
507311	177795	14
461701	188438	14
506069	169723	14
477155	161019	14
505044	180646	14
467697	168082	14
511868	170991	14
500225	177559	14
460616	174810	14
573755	218049	14
543616	144788	14
509804	175714	14
542311	161882	14
475944	189337	14
517750	199025	14
520952	169184	14
559076	190770	14
416763	96639	14
549384	208450	14
549147	171454	14
520880	200955	14
484348	202813	14
487472	166999	14
504728	174541	14
465734	114090	14
570266	188032	14
505584	176135	14
514739	189624	14
500589	181466	14
504096	192493	14
553118	165472	14
502511	205121	14
551798	221411	14
502737	174437	14
513181	177419	14
513010	141058	14
535564	177248	14
514551	176526	14
450030	169537	14
521152	152439	14
505512	203857	14
509928	184873	14
490271	216725	14
529931	180136	14
508228	220433	14
534461	178056	14
508551	174306	14
545365	210090	14
510414	142485	14
507895	177445	14
506288	177990	14
512560	224816	14
454160	102568	14
437116	148591	14
519003	160741	14
509173	178051	14
507674	147431	14
513562	229098	14
473361	185066	14
517580	170329	14
509285	174620	14
510496	174308	14
438860	114065	14
534702	244239	14
504755	150226	14
474135	199330	14
508907	173787	14
509651	149290	14
490956	124550	14
499637	194036	14
515856	148316	14
482568	159010	14
522728	184704	14
493070	189771	14
483807	198925	14
469656	153741	14
470041	102049	14
576965	187481	14
515230	149567	14
469470	189347	14
484678	123623	14
509554	186931	14
480787	147737	14
523036	123677	14
508144	167733	14
515450	173220	14
489378	172861	14
497406	125809	14
514173	139330	14
520809	176718	14
499009	205823	14
509773	148899	14
505117	141877	14
494698	176711	14
501334	163002	14
502500	176532	14
546565	151576	14
520878	209094	14
486891	175164	14
512241	169240	14
569692	182365	14
491382	122267	14
457033	127590	14
535453	200970	14
436641	55171	14
520845	176291	14
496130	178113	14
507473	227670	14
507092	175151	14
493714	173387	14
528826	154067	14
509951	176794	14
505400	160422	14
473316	162622	14
489504	146224	14
516888	152451	14
505128	175022	14
520819	181586	14
506812	167031	14
495032	203929	14
508789	174256	14
502302	210265	14
511106	122518	14
486997	164803	14
535787	199735	14
540364	163758	14
496006	191010	14
497454	172375	14
488330	173837	14
547076	156969	14
509956	141698	14
516084	178725	14
535034	172649	14
529858	213114	14
496384	166644	14
519201	139101	14
575022	213534	14
469404	181944	14
464672	193513	14
491609	180519	14
470314	178936	14
481067	172555	14
508797	176269	14
491145	206344	14
485361	169229	14
474527	107596	14
499643	171625	14
514722	190943	14
474641	81263	14
495995	160032	14
516963	174184	14
521006	163218	14
434581	123267	14
514876	182995	14
501416	172980	14
513991	165072	14
512900	219252	14
510739	121103	14
509522	174376	14
507862	172954	14
512716	181316	14
483423	111797	14
505603	147517	14
482628	171320	14
541790	172616	14
473649	178184	14
520763	250478	14
494000	189403	14
533931	173291	14
485110	150541	14
528679	199079	14
545699	174099	14
517495	186329	14
520461	173217	14
456821	105575	14
495388	156422	14
514934	219169	14
508989	168995	14
500474	169746	14
504511	149234	14
467144	147308	14
512733	174091	14
452791	156805	14
488800	197919	14
593887	210595	14
561725	168220	14
528011	201615	14
514428	222503	14
512051	145220	14
472054	129986	14
507959	166780	14
518068	137556	14
561110	219865	14
563315	215613	14
523779	163905	14
490037	164357	14
519421	154681	14
504373	165819	14
513957	139202	14
486422	178919	14
533351	147778	14
511030	221292	14
496069	102201	14
496491	171534	14
497254	171940	14
518892	165875	14
481083	151953	14
507741	178883	14
486224	196184	14
509039	173839	14
462658	75167	14
519680	208378	14
499676	196897	14
480876	160465	14
521032	177084	14
486034	196122	14
505225	158750	14
485968	123023	14
478442	125560	14
502355	164119	14
502915	183059	14
497211	174121	14
537174	194410	14
505293	194591	14
491442	116195	14
473202	140745	14
505079	219082	14
541455	223176	14
528938	174372	14
528094	178343	14
520759	184923	14
538994	179328	14
507832	181513	14
493897	189627	14
514408	173338	14
514391	156592	14
513362	223841	14
443618	157237	14
477746	163845	14
480571	204150	14
486326	174643	14
505384	174535	14
541220	177840	14
522869	176818	14
497255	188783	14
545240	221008	14
512291	169608	14
576158	210283	14
508099	175066	14
545455	182232	14
537836	177165	14
508597	173640	14
507445	193647	14
524397	239456	14
527753	213985	14
528766	239937	14
481356	162127	14
541498	192746	14
506142	170513	14
494574	198972	14
477901	173288	14
509223	177592	14
532010	176195	14
541006	175198	14
490355	153464	14
566524	179796	14
550216	184337	14
516085	195504	14
523796	219588	14
511118	175212	14
445043	152257	14
497582	190801	14
514622	206979	14
479631	178459	14
496476	140337	14
498389	178069	14
506361	225237	14
519396	177174	14
529409	157228	14
501111	157402	14
514219	167014	14
558307	203307	14
545957	196749	14
508080	175697	14
589900	217899	14
509383	167302	14
474516	189144	14
498730	183037	14
473093	188791	14
471328	176297	14
510901	175806	14
559809	162597	14
499272	168413	14
514981	172608	14
511289	183247	14
455460	153040	14
519962	175210	14
532549	172894	14
516128	178722	14
519113	194925	14
502877	192740	14
520782	134308	14
574369	207483	14
515494	188459	14
486870	146947	14
484395	107291	14
504243	237336	14
483776	213021	14
536623	213083	14
544539	180391	14
502002	166223	14
500801	185558	14
525670	184762	14
481841	209337	14
494317	170837	14
521153	242968	14
473933	191767	14
524502	248106	14
487952	168607	14
460133	173081	14
453261	148432	14
491792	214464	14
497815	165151	14
515348	184750	14
598908	254032	14
558478	213316	14
538228	168834	14
464634	173867	14
518675	175686	14
533566	214619	14
540196	180312	14
500360	213540	14
517882	175467	14
549642	157506	14
511368	173673	14
506815	173387	14
500192	192292	14
533775	163036	14
511484	160453	14
489062	200329	14
537514	179689	14
551867	170425	14
406184	394506	12
417996	408162	12
428667	451233	12
425386	379634	12
388202	405780	12
370955	325071	12
353749	391896	12
398629	401626	12
393402	401018	12
465599	383470	12
400257	404936	12
444610	400247	12
392046	391220	12
410506	395586	12
508805	429073	12
424782	449687	12
384467	407359	12
397399	403186	12
449683	388863	12
387756	435588	12
451753	383440	12
414448	429790	12
394599	409068	12
387330	409037	12
402109	430185	12
393825	453067	12
412111	418466	12
397213	377839	12
361159	436327	12
383075	447616	12
383832	340506	12
402227	414685	12
411957	397796	12
377408	395123	12
417231	381303	12
442915	420573	12
415394	396940	12
420792	430901	12
397791	444527	12
385804	393101	12
384572	388523	12
402069	434868	12
414997	432597	12
392919	405103	12
396150	430329	12
439145	407748	12
401240	354085	12
424228	442208	12
336023	416862	12
351352	362910	12
413549	408517	12
341775	425156	12
424811	413300	12
402677	412615	12
419118	421655	12
354601	358760	12
410682	349328	12
399020	404042	12
392258	405478	12
353941	399967	12
411471	446824	12
397158	370362	12
431117	394746	12
395246	392783	12
400468	405703	12
354094	424230	12
352429	359750	12
358830	431609	12
387039	365758	12
395013	387179	12
400545	404212	12
435067	403802	12
394436	450912	12
376444	371957	12
433463	410297	12
426625	475977	12
424241	452915	12
396520	405610	12
347638	429109	12
374797	407601	12
451670	388347	12
373684	418326	12
412615	403902	12
392428	402295	12
389868	410718	12
383022	409854	12
468350	395883	12
373339	398565	12
383878	376230	12
434815	388041	12
368864	411216	12
321050	422497	12
276794	384458	3
383197	409869	12
381340	409680	12
415521	368125	12
404288	349685	12
367922	415238	12
422056	382193	12
407334	445969	12
373917	427628	12
422261	374345	12
392728	411341	12
336585	420977	12
401730	354294	12
401854	402867	12
401330	395538	12
393903	387227	12
399188	402459	12
389510	370897	12
399858	403574	12
343651	438750	12
388743	388465	12
398246	406245	12
400727	396769	12
399077	403968	12
402071	427626	12
405902	394724	12
383992	398245	12
372230	412488	12
418086	394699	12
400305	466024	12
380458	329635	12
338347	337961	12
411171	426853	12
392447	408539	12
375233	399429	12
385338	440797	12
397764	406712	12
414290	393146	12
394846	407130	12
402252	414628	12
332913	385678	12
396517	394572	12
388479	343648	12
405569	411933	12
444816	409502	12
393659	439272	12
415222	434798	12
396621	381952	12
416893	347737	12
398980	407667	12
404273	429948	12
397851	400846	12
447192	359893	12
350428	392503	12
451853	420873	12
402566	415798	12
362753	369848	12
407188	396576	12
380139	434251	12
409167	449719	12
405470	392374	12
359036	365793	12
398617	402424	12
408714	391412	12
382222	441817	12
403751	385539	12
400548	402390	12
393828	404314	12
373943	376926	12
390182	360941	12
391776	409868	12
342501	336320	12
401923	417123	12
342400	426090	12
405325	407466	12
369480	377148	12
416110	374296	12
401162	412142	12
442931	430123	12
478361	409520	12
401313	405195	12
357466	354094	12
417617	414816	12
417281	410881	12
470047	410943	12
378824	430343	12
369227	397853	12
397918	462032	12
397331	407010	12
427810	400178	12
401708	409924	12
426172	363147	12
401411	414503	12
409823	412908	12
386068	422517	12
398255	405428	12
346358	384801	12
397735	448097	12
348847	425164	12
394761	461494	12
357253	388075	12
402267	410395	12
415233	441297	12
404445	402466	12
408224	399767	12
369044	371649	12
343119	382074	12
416750	435776	12
387103	401925	12
368200	364844	12
393758	439738	12
418623	404382	12
402660	406054	12
427749	457110	12
405356	391545	12
432184	395118	12
322936	368566	12
402710	424367	12
456025	389630	12
395450	407822	12
377941	403683	12
407576	434017	12
348263	386451	12
391966	387214	12
392576	406460	12
380236	460907	12
398153	407081	12
399942	385908	12
398795	472619	12
467535	416014	12
377758	413906	12
398724	404179	12
396710	378698	12
377588	402670	12
408992	462226	12
423371	373970	12
412861	434751	12
403160	392159	12
395168	404189	12
399346	423786	12
409244	460295	12
429515	393708	12
370602	353215	12
356739	417826	12
408147	436628	12
436362	379677	12
399291	386712	12
396081	396707	12
419200	403389	12
383855	390984	12
370252	347498	12
460198	402706	12
418046	358461	12
408500	393942	12
397618	404912	12
392660	395873	12
406739	400918	12
439048	403700	12
392424	375266	12
379128	418858	12
391970	419802	12
389279	424006	12
468907	448885	12
410601	410653	12
396556	406492	12
417795	405673	12
375971	427549	12
414374	439977	12
368363	409733	12
402081	407514	12
399753	404222	12
424840	479570	12
381863	416651	12
394606	401451	12
389520	406500	12
418140	415328	12
387461	394402	12
391384	413273	12
391439	399819	12
365223	422531	12
407189	437102	12
415933	422485	12
402031	426039	12
428513	456990	12
382396	405483	12
368166	429422	12
418636	440000	12
411674	402377	12
424365	371987	12
394159	411676	12
371548	414612	12
460628	434107	12
399717	403257	12
361875	448199	12
393424	399084	12
333682	401078	12
377870	377550	12
405117	364266	12
452398	378671	12
397889	398501	12
424089	352640	12
417494	392231	12
402851	395579	12
376493	366302	12
460684	371809	12
449571	387141	12
405322	414743	12
420489	448078	12
377975	461076	12
492551	434649	12
477323	384551	12
359740	379592	12
429653	438596	12
361814	411086	12
400660	404811	12
410418	409414	12
392162	355397	12
376145	414107	12
371464	328177	12
379593	380662	12
448231	384406	12
404157	406324	12
420616	401526	12
398985	413427	12
400538	407020	12
391530	398743	12
408182	408351	12
435926	408504	12
411090	435389	12
398311	383357	12
409291	431539	12
399460	399410	12
400473	408327	12
399693	395271	12
431437	436764	12
312123	419763	12
411053	432808	12
401616	404245	12
364455	436191	12
407833	402474	12
367864	442851	12
437870	375761	12
308726	371721	12
418996	389541	12
371498	393120	12
407429	399155	12
380749	403860	12
399997	411205	12
377215	418429	12
380202	396671	12
436034	385951	12
395210	357805	12
415136	446807	12
315013	318367	12
372424	413163	12
340966	420480	12
354767	417464	12
387165	404027	12
854654	549222	6
889260	541423	6
870826	524625	6
868025	569296	6
861364	598127	6
825141	535997	6
906640	587296	6
906396	535803	6
887896	558572	6
817776	525600	6
844066	546029	6
848976	558706	6
897131	604582	6
845120	549830	6
872241	556733	6
857818	534525	6
794265	594573	6
857126	548151	6
842786	614034	6
889975	589361	6
841130	529745	6
813561	583156	6
855603	542414	6
887556	531797	6
837032	509264	6
852037	649724	6
793791	581315	6
904450	533427	6
879722	550246	6
839088	528460	6
869369	536868	6
871873	509094	6
900991	497149	6
919544	541255	6
860520	544023	6
863042	557890	6
889805	522039	6
879031	489881	6
852918	552112	6
903840	586229	6
932662	537069	6
908506	549611	6
867533	542290	6
844617	499013	6
862002	534006	6
883981	607581	6
864265	549505	6
883062	547498	6
860870	546516	6
895565	501871	6
843344	604964	6
864059	545894	6
830888	544022	6
858819	544904	6
853562	531620	6
873791	606643	6
859213	538040	6
841843	503359	6
842719	506205	6
847904	574114	6
863859	546898	6
888919	535805	6
855045	547633	6
863102	545783	6
829747	530312	6
850607	565348	6
810277	520837	6
879104	595389	6
840406	538772	6
838367	536676	6
837457	518745	6
861519	531277	6
816056	542574	6
862534	547936	6
808555	600511	6
862571	550965	6
832010	554080	6
882403	534710	6
840020	568424	6
865030	541150	6
846594	522941	6
890223	556874	6
873136	513309	6
846622	553552	6
905770	531812	6
803216	577565	6
914183	620056	6
877510	555087	6
861193	573954	6
840994	578455	6
875640	561262	6
876782	536438	6
849501	552769	6
866973	550375	6
906382	534459	6
822722	553764	6
861656	545794	6
856991	546255	6
865081	551012	6
895680	609341	6
867801	548156	6
846324	557586	6
840059	534876	6
860473	545982	6
937823	540173	6
886532	500026	6
904133	534915	6
880545	506175	6
833499	504718	6
854979	539793	6
818739	545052	6
825596	639465	4
838036	542999	6
846216	528037	6
850790	525740	6
864040	538985	6
869818	543227	6
879309	561548	6
860563	534839	6
846082	541026	6
860151	543055	6
847292	559228	6
838239	576018	6
837307	548214	6
853093	586321	6
884326	479802	6
838978	622330	6
842903	567914	6
832490	450680	6
844948	563321	6
859577	544625	6
908409	591215	6
819843	570485	6
875625	599766	6
887780	536497	6
884613	507507	6
849858	524682	6
846741	539481	6
870630	516603	6
843111	581603	6
869718	536928	6
857648	511640	6
881571	532467	6
860230	528054	6
861966	562885	6
898736	548642	6
961951	577029	6
866878	501919	6
874791	559085	6
874239	594786	6
915504	527751	6
758172	608152	6
859515	505303	6
861033	507671	6
837880	444574	6
827672	545966	6
869960	562146	6
858151	548242	6
877440	529137	6
821835	564313	6
846371	578530	6
829482	475863	6
860507	526669	6
878696	530134	6
837312	572687	6
886773	509047	6
879805	547494	6
859679	541785	6
910683	612854	6
860863	546060	6
874110	541972	6
790149	565157	6
873984	580836	6
873742	448214	6
894785	440382	6
874312	574582	6
879902	518647	6
851462	526597	6
839012	550376	6
808097	502521	6
879500	590791	6
864721	548447	6
866044	584750	6
876151	582116	6
819250	517655	6
807278	566392	6
872033	558924	6
894268	532597	6
846752	613846	6
850478	566230	6
849777	531138	6
823584	568458	6
823202	619103	6
843715	568319	6
861023	545953	6
889743	560547	6
862785	579661	6
880833	537039	6
854374	550707	6
842616	515205	6
860721	547751	6
831024	505776	6
829240	591428	6
860384	555572	6
853348	525893	6
849118	571562	6
856167	542249	6
853874	560250	6
838808	524944	6
814561	575281	6
773292	531652	6
891515	520429	6
805884	549492	6
833437	556713	6
843432	490725	6
791355	529644	6
865157	562132	6
920249	551171	6
808777	512952	6
898916	630099	6
863706	491401	6
857231	551055	6
877413	541536	6
838821	563842	6
854037	528890	6
824475	518063	6
857360	562228	6
856437	532452	6
862117	600081	6
839280	539324	6
885379	603686	6
859185	553000	6
865020	550686	6
882007	593653	6
861027	546004	6
846772	509036	6
844627	556401	6
861069	548327	6
854342	541611	6
844086	531300	6
923996	594948	6
832154	559403	6
803202	549001	6
856619	544008	6
897286	558004	6
851216	516166	6
858537	548576	6
828001	524067	6
849327	548496	6
858278	544519	6
793875	473793	6
766617	548142	6
847728	576707	6
858418	546935	6
816840	539239	6
852687	540692	6
861927	562723	6
892382	513991	6
811745	461099	6
800152	576217	6
870139	566584	6
859492	572224	6
830226	483466	6
850674	533083	6
834632	541216	6
899052	526048	6
925485	596955	6
893145	551400	6
839493	521150	6
883434	581923	6
873380	495161	6
765011	607246	6
898578	612291	6
906772	510158	6
858325	586062	6
795909	462864	6
812634	554848	6
846841	533595	6
810817	509540	6
826192	577784	6
856552	545271	6
848628	503773	6
784291	581417	6
890613	567037	6
870936	575427	6
851166	532382	6
871544	592403	6
870337	534303	6
819580	545900	6
912649	498734	6
870214	556246	6
853279	560714	6
857319	543529	6
878519	606677	6
858057	542933	6
860375	544804	6
888111	525539	6
892877	544283	6
788776	582930	6
875311	542259	6
875248	462524	6
835831	555864	6
885828	586348	6
916704	609548	6
893991	544467	6
866352	535933	6
872247	494281	6
832372	600070	6
902302	514170	6
877298	565604	6
873636	510687	6
854818	554389	6
915666	506439	6
905849	524809	6
862062	545736	6
871981	649086	4
900829	590250	6
859419	546754	6
855983	534803	6
916082	517633	6
874877	535143	6
885963	528959	6
853439	518568	6
855177	626376	6
814249	488483	6
857283	548467	6
865489	548920	6
913686	576892	6
880275	564545	6
861381	546835	6
880958	588608	6
868979	528502	6
872237	555834	6
861868	549168	6
836951	546244	6
836874	555991	6
769546	554722	6
855074	542557	6
868128	568529	6
878859	540155	6
852267	498220	6
874125	543036	6
846646	548548	6
851517	541076	6
806888	492319	6
831779	577161	6
860259	545444	6
892423	530999	6
838442	506780	6
853291	557685	6
730887	825972	1
645233	927201	1
645563	819480	1
573324	878802	1
693699	822637	1
649412	856993	1
684558	878573	1
656658	854609	1
651506	856097	1
618405	842859	1
667280	765619	1
600996	890782	1
674463	862486	1
676694	851597	1
620685	880813	1
716590	874975	1
721401	951880	1
657094	857640	1
644693	867371	1
633601	861482	1
673646	857346	1
657184	855509	1
708244	871834	1
659081	860560	1
657811	885904	1
642843	909185	1
709303	897538	1
610505	851476	1
612648	772280	1
673196	812941	1
673267	883727	1
694451	863981	1
678869	902492	1
690018	819280	1
677983	890077	1
639997	865965	1
709254	847444	1
679799	858680	1
664355	831472	1
659166	861665	1
692386	863386	1
688076	833905	1
680506	840053	1
641840	886745	1
673292	857105	1
622212	860015	1
736557	897961	1
668234	886696	1
675013	876331	1
675902	853961	1
695092	820091	1
730287	897070	1
691716	873426	1
722404	952207	1
678606	878004	1
664156	846474	1
688118	911574	1
674492	861230	1
675382	836312	1
664639	925795	1
626334	852383	1
669690	842110	1
653177	819935	1
674265	861435	1
677404	883871	1
672212	860894	1
715956	900724	1
674236	877152	1
679818	860064	1
578509	923881	1
680381	823757	1
720629	816515	1
640210	902029	1
671772	860357	1
618009	867493	1
672628	882986	1
680261	863401	1
682100	853708	1
681049	846975	1
668567	856554	1
656957	871011	1
662293	872590	1
673953	835926	1
718544	888401	1
648590	917839	1
699124	824089	1
668367	855686	1
675866	868784	1
700098	894685	1
683156	877209	1
661357	801817	1
789095	895634	1
673332	857517	1
627452	835854	1
672059	860501	1
665048	854911	1
683580	872374	1
668839	882598	1
682510	905902	1
671235	856653	1
680228	843225	1
662249	918050	1
674961	865594	1
679211	886670	1
676220	858214	1
567861	856582	1
668228	858122	1
682241	850176	1
712262	856869	1
671325	856592	1
680592	858526	1
683098	847245	1
646816	829778	1
675633	863416	1
677551	860007	1
683656	842406	1
678195	860537	1
700747	821557	1
679054	898217	1
676360	866112	1
665308	868551	1
665775	845662	1
660459	860658	1
670119	859029	1
672068	874862	1
644301	925034	1
704574	866263	1
665660	828338	1
680579	836946	1
682053	853410	1
672544	859978	1
713088	880834	1
680969	838864	1
674151	853540	1
664903	839150	1
641902	755287	1
683610	910782	1
676962	897430	1
594720	848457	1
658748	777680	1
700341	869730	1
640432	837036	1
668519	860048	1
672668	861428	1
638004	837697	1
673071	856021	1
668772	858570	1
636871	929410	1
599612	859210	1
739318	810528	1
654937	781879	1
663095	949045	1
658734	883214	1
647968	877873	1
682699	851115	1
684739	884934	1
667620	855461	1
616281	845406	1
697161	840318	1
679237	862389	1
664260	859029	1
674121	858589	1
700962	927047	1
723397	859761	1
648230	857418	1
677896	867053	1
680828	839011	1
680757	826912	1
673826	880137	1
694897	834591	1
683585	905984	1
671609	815681	1
669748	863109	1
674659	860894	1
659734	844127	1
656156	868643	1
653258	860766	1
684131	898331	1
666516	859837	1
655237	871554	1
653592	959882	1
659280	845579	1
646422	900526	1
627580	840406	1
604546	847329	1
631316	837043	1
705518	925936	1
662898	884734	1
718088	852181	1
666315	872311	1
710082	881600	1
674433	860605	1
685821	816579	1
678856	850293	1
669427	846395	1
687043	806921	1
657981	866945	1
676480	860779	1
704065	832648	1
669178	866011	1
693783	860206	1
683027	876064	1
670957	810768	1
674134	908464	1
637665	858741	1
664325	877878	1
664025	801796	1
672800	874378	1
685124	873363	1
674496	870664	1
684602	823981	1
677769	841641	1
651576	865180	1
650720	817440	1
674472	860330	1
673028	860593	1
683413	861559	1
669638	842011	1
674365	860819	1
687360	862438	1
662684	813662	1
673242	886958	1
674311	859933	1
595580	798572	1
636769	854047	1
685551	798742	1
663945	828490	1
717187	883275	1
706906	885612	1
675988	841317	1
671976	864630	1
669366	869654	1
651216	815098	1
676767	832479	1
657879	857942	1
665828	868934	1
674905	876286	1
640000	863831	1
672818	881943	1
634800	823669	1
658590	886551	1
639463	847461	1
625416	868848	1
672266	862875	1
723173	872525	1
688098	908495	1
673410	863889	1
679788	889464	1
615826	863168	1
598671	854219	1
753254	840123	1
669430	905798	1
726847	875488	1
648443	845340	1
674114	970756	1
675551	956849	1
677459	896720	1
634004	895206	1
653745	809028	1
682420	846881	1
666636	858686	1
682481	879399	1
656834	885944	1
718257	857481	1
672598	856928	1
693997	774817	1
612392	916853	1
671444	860206	1
671404	857240	1
689628	868984	1
704570	845515	1
652233	886054	1
705929	851313	1
682315	843851	1
667131	849230	1
707894	904500	1
649345	864613	1
629998	877765	1
659542	840985	1
621278	888326	1
682304	876841	1
679747	860939	1
663049	843538	1
672876	844123	1
689948	850548	1
696257	894819	1
629377	853726	1
658034	897179	1
696808	866039	1
699668	863774	1
669697	859388	1
606506	766728	1
672474	868765	1
697011	856357	1
708262	945359	1
653181	886417	1
674521	861127	1
729194	856897	1
663168	859429	1
644843	838626	1
672797	843231	1
680677	868629	1
614497	830844	1
646671	857872	1
679242	853941	1
665697	929571	1
749941	916922	1
602365	916673	1
684537	843821	1
694308	904062	1
731712	878998	1
667713	847241	1
730383	879136	1
689363	817577	1
728743	850843	1
683941	915579	1
722463	882675	1
670519	870010	1
683252	858182	1
669288	860515	1
675357	870850	1
673449	860643	1
687325	883004	1
603472	894573	1
669713	851017	1
693362	837786	1
605535	925341	1
687078	791051	1
672387	800443	1
683048	937776	1
713579	879202	1
571669	873544	1
695260	824882	1
702654	841548	1
601619	825604	1
564416	878492	1
703773	870419	1
674931	870112	1
673140	864863	1
681053	892766	1
683321	873932	1
701017	931252	1
645677	814395	1
677362	853471	1
659046	930099	1
665426	853940	1
691827	863963	1
650661	861267	1
599647	858702	1
684091	842566	1
